# Light Pollution Monitoring Data Format 1.0
# URL: http://www.darksky.org/measurements
# Number of header lines: 37
# This data is released under the following license: ODbL 1.0 http://opendatacommons.org/licenses/odbl/summary/
# Device type: SQM-LE
# Instrument ID: Crestone
# Data supplier: 
# Location name: Crestone Colorado
# Position (lat, lon, elev(m)): 37.9979, -105.69884, 2452
# Local timezone: MST7MDT
# Time Synchronization: 
# Moving / Stationary position: STATIONARY
# Moving / Fixed look direction: FIXED
# Number of channels: 1
# Filters per channel: 
# Measurement direction per channel: 
# Field of view (degrees): 6
# Number of fields per line: 6
# SQM serial number: 6080
# SQM hardware identity: 0080A3F51677
# SQM firmware version: 4-3-79
# SQM cover offset value: 
# SQM readout test ix (Information): i,00000004,00000003,00000079,00006080
# SQM readout test rx (Reading): r, 00.00m,0000568192Hz,0000000000c,0000000.000s, 047.7C,D
# SQM readout test cx (Calibration): c,00000019.89m,0000238.774s, 024.1C,00000008.71m, 026.4C
# SQM readout test Ix (Report Interval): 0000000120s,0000000120s,00000018.00m,00000018.00m
# Comment: 
# Comment: 
# Comment: 
# Comment: 
# Comment: 
# UDM version: 1.0.0.352
# UDM setting: Logged continuously every 2 minutes,Threshold = 8 mpsas, Record limit = 1000.
# blank line
# UTC Date & Time, Local Date & Time, Temperature, Counts, Frequency, MSAS, MoonPhaseDeg, MoonElevDeg, MoonIllum, MoonAzimuth, Humidity
# YYYY-MM-DDTHH:mm:ss.fff;YYYY-MM-DDTHH:mm:ss.fff;Celsius;number;Hz;mag/arcsec^2;Degrees;Degrees;Percent;Degrees;Percent
# END OF HEADER
2026-08-22T01:46:30.119;2026-08-21T19:46:30.119;38.0;0;53822;8.07;68.5;23.559;68.4;-7.639;33.3
2026-08-22T01:48:30.101;2026-08-21T19:48:30.101;37.7;0;44411;8.28;68.5;23.607;68.4;-7.177;33.3
2026-08-22T01:50:30.098;2026-08-21T19:50:30.098;37.7;0;35369;8.52;68.4;23.653;68.4;-6.715;33.3
2026-08-22T01:52:30.095;2026-08-21T19:52:30.095;37.3;0;28060;8.77;68.4;23.695;68.4;-6.252;33.3
2026-08-22T01:54:30.111;2026-08-21T19:54:30.111;37.3;0;21723;9.05;68.4;23.734;68.4;-5.788;33.3
2026-08-22T01:56:30.120;2026-08-21T19:56:30.120;37.0;0;16270;9.36;68.4;23.770;68.4;-5.324;33.3
2026-08-22T01:58:30.096;2026-08-21T19:58:30.096;37.0;0;11843;9.71;68.4;23.803;68.4;-4.860;33.3
2026-08-22T02:00:30.133;2026-08-21T20:00:30.133;36.7;0;8337;10.09;68.4;23.834;68.4;-4.395;33.3
2026-08-22T02:02:30.088;2026-08-21T20:02:30.088;36.7;0;5614;10.52;68.3;23.860;68.5;-3.930;33.3
2026-08-22T02:04:30.099;2026-08-21T20:04:30.099;36.4;0;3587;11.00;68.3;23.884;68.5;-3.465;33.3
2026-08-22T02:06:30.097;2026-08-21T20:06:30.097;36.4;0;2260;11.51;68.3;23.905;68.5;-2.999;33.3
2026-08-22T02:08:30.112;2026-08-21T20:08:30.112;36.4;0;1424;12.01;68.3;23.923;68.5;-2.534;33.3
2026-08-22T02:10:30.094;2026-08-21T20:10:30.094;36.0;0;900;12.51;68.3;23.937;68.5;-2.068;33.3
2026-08-22T02:12:30.105;2026-08-21T20:12:30.105;36.0;0;567;13.01;68.3;23.949;68.5;-1.602;33.3
2026-08-22T02:14:30.093;2026-08-21T20:14:30.093;35.7;0;352;13.52;68.3;23.957;68.5;-1.136;33.3
2026-08-22T02:16:30.113;2026-08-21T20:16:30.113;35.7;0;217;14.05;68.2;23.963;68.5;-0.669;33.3
2026-08-22T02:18:30.121;2026-08-21T20:18:30.121;35.4;0;132;14.59;68.2;23.965;68.5;-0.203;33.3
2026-08-22T02:20:30.095;2026-08-21T20:20:30.095;35.4;5807;79;15.14;68.2;23.964;68.6;0.263;33.3
2026-08-22T02:22:30.095;2026-08-21T20:22:30.095;35.4;9283;50;15.65;68.2;23.960;68.6;0.730;33.3
2026-08-22T02:24:30.103;2026-08-21T20:24:30.103;35.1;15086;31;16.17;68.2;23.953;68.6;1.196;33.3
2026-08-22T02:26:30.142;2026-08-21T20:26:30.142;35.1;22214;20;16.59;68.2;23.943;68.6;1.662;33.3
2026-08-22T02:28:30.154;2026-08-21T20:28:30.154;34.8;32448;15;17.01;68.1;23.930;68.6;2.128;33.3
2026-08-22T02:30:30.100;2026-08-21T20:30:30.100;34.8;45205;10;17.37;68.1;23.913;68.6;2.594;33.3
2026-08-22T02:32:30.113;2026-08-21T20:32:30.113;34.8;61554;8;17.71;68.1;23.894;68.6;3.059;33.3
2026-08-22T02:34:30.107;2026-08-21T20:34:30.107;34.4;83543;5;18.04;68.1;23.872;68.6;3.525;33.3
2026-08-22T02:36:30.107;2026-08-21T20:36:30.107;34.4;111180;4;18.35;68.1;23.846;68.7;3.990;33.3
2026-08-22T02:38:30.119;2026-08-21T20:38:30.119;34.4;143977;3;18.63;68.1;23.817;68.7;4.454;33.3
2026-08-22T02:40:30.107;2026-08-21T20:40:30.107;34.4;183499;2;18.90;68.1;23.786;68.7;4.919;33.3
2026-08-22T02:42:30.106;2026-08-21T20:42:30.106;34.1;231346;2;19.14;68.0;23.751;68.7;5.383;33.3
2026-08-22T02:44:30.112;2026-08-21T20:44:30.112;34.1;283094;2;19.36;68.0;23.713;68.7;5.846;33.3
2026-08-22T02:46:30.100;2026-08-21T20:46:30.100;34.1;338776;2;19.56;68.0;23.672;68.7;6.310;33.3
2026-08-22T02:48:30.109;2026-08-21T20:48:30.109;34.1;396530;1;19.73;68.0;23.628;68.7;6.772;33.3
2026-08-22T02:50:30.128;2026-08-21T20:50:30.128;33.8;454037;1;19.88;68.0;23.581;68.7;7.234;33.3
2026-08-22T02:52:30.122;2026-08-21T20:52:30.122;33.8;507760;1;20.00;68.0;23.531;68.8;7.696;33.3
2026-08-22T02:54:30.119;2026-08-21T20:54:30.119;33.8;560597;1;20.10;68.0;23.478;68.8;8.157;33.3
2026-08-22T02:56:30.107;2026-08-21T20:56:30.107;33.8;601838;1;20.18;67.9;23.422;68.8;8.617;33.3
2026-08-22T02:58:30.101;2026-08-21T20:58:30.101;33.5;636480;0;20.25;67.9;23.363;68.8;9.077;33.3
2026-08-22T03:00:30.146;2026-08-21T21:00:30.146;33.5;666553;1;20.29;67.9;23.301;68.8;9.536;33.3
2026-08-22T03:02:30.108;2026-08-21T21:02:30.108;33.5;685398;1;20.33;67.9;23.236;68.8;9.994;33.3
2026-08-22T03:04:30.114;2026-08-21T21:04:30.114;33.5;705500;1;20.36;67.9;23.168;68.8;10.452;33.3
2026-08-22T03:06:30.122;2026-08-21T21:06:30.122;33.5;717879;0;20.38;67.9;23.097;68.8;10.909;33.3
2026-08-22T03:08:30.110;2026-08-21T21:08:30.110;33.1;730196;1;20.40;67.8;23.022;68.9;11.365;33.3
2026-08-22T03:10:30.101;2026-08-21T21:10:30.101;33.1;732354;0;20.40;67.8;22.945;68.9;11.820;33.3
2026-08-22T03:12:30.127;2026-08-21T21:12:30.127;33.1;697667;1;20.35;67.8;22.865;68.9;12.274;33.3
2026-08-22T03:14:30.113;2026-08-21T21:14:30.113;33.1;713945;1;20.37;67.8;22.783;68.9;12.728;33.3
2026-08-22T03:16:30.135;2026-08-21T21:16:30.135;33.1;715862;0;20.37;67.8;22.697;68.9;13.180;33.3
2026-08-22T03:18:30.099;2026-08-21T21:18:30.099;33.1;742651;0;20.42;67.8;22.608;68.9;13.632;33.3
2026-08-22T03:20:30.123;2026-08-21T21:20:30.123;33.1;749402;0;20.43;67.8;22.516;68.9;14.082;33.3
2026-08-22T03:22:30.132;2026-08-21T21:22:30.132;33.1;741687;1;20.42;67.7;22.422;68.9;14.532;33.3
2026-08-22T03:24:30.126;2026-08-21T21:24:30.126;33.1;735359;1;20.41;67.7;22.324;69.0;14.980;33.3
2026-08-22T03:26:30.130;2026-08-21T21:26:30.130;33.1;725696;0;20.39;67.7;22.224;69.0;15.428;33.3
2026-08-22T03:28:30.113;2026-08-21T21:28:30.113;33.1;724701;0;20.39;67.7;22.121;69.0;15.874;33.3
2026-08-22T03:30:30.125;2026-08-21T21:30:30.125;33.1;720786;1;20.38;67.7;22.015;69.0;16.319;33.3
2026-08-22T03:32:30.144;2026-08-21T21:32:30.144;32.8;701710;0;20.35;67.7;21.906;69.0;16.763;33.3
2026-08-22T03:34:30.099;2026-08-21T21:34:30.099;33.1;758184;0;20.45;67.7;21.794;69.0;17.206;33.3
2026-08-22T03:36:30.107;2026-08-21T21:36:30.107;33.1;834073;1;20.55;67.6;21.680;69.0;17.648;33.3
2026-08-22T03:38:30.105;2026-08-21T21:38:30.105;33.1;905054;0;20.63;67.6;21.563;69.0;18.089;33.3
2026-08-22T03:40:30.107;2026-08-21T21:40:30.107;33.1;906818;0;20.64;67.6;21.442;69.0;18.528;33.3
2026-08-22T03:42:30.114;2026-08-21T21:42:30.114;33.1;875057;0;20.60;67.6;21.320;69.1;18.966;33.3
2026-08-22T03:44:30.110;2026-08-21T21:44:30.110;33.1;900283;0;20.63;67.6;21.194;69.1;19.403;33.3
2026-08-22T03:46:30.112;2026-08-21T21:46:30.112;33.1;945369;1;20.68;67.6;21.066;69.1;19.838;33.3
2026-08-22T03:48:30.113;2026-08-21T21:48:30.113;33.5;968335;1;20.71;67.5;20.935;69.1;20.272;33.3
2026-08-22T03:50:30.104;2026-08-21T21:50:30.104;33.5;968319;1;20.71;67.5;20.801;69.1;20.705;33.3
2026-08-22T03:52:30.111;2026-08-21T21:52:30.111;33.5;984326;1;20.73;67.5;20.665;69.1;21.137;33.3
2026-08-22T03:54:30.137;2026-08-21T21:54:30.137;33.5;991151;0;20.73;67.5;20.526;69.1;21.567;33.3
2026-08-22T03:56:30.111;2026-08-21T21:56:30.111;33.5;991956;0;20.74;67.5;20.384;69.1;21.996;33.3
2026-08-22T03:58:30.113;2026-08-21T21:58:30.113;33.8;999633;1;20.75;67.5;20.240;69.2;22.423;33.3
2026-08-22T04:00:30.107;2026-08-21T22:00:30.107;33.8;991108;1;20.73;67.5;20.093;69.2;22.849;33.3
2026-08-22T04:02:30.109;2026-08-21T22:02:30.109;33.8;980441;1;20.72;67.4;19.944;69.2;23.274;33.3
2026-08-22T04:04:30.153;2026-08-21T22:04:30.153;33.8;976065;1;20.72;67.4;19.791;69.2;23.697;33.3
2026-08-22T04:06:30.123;2026-08-21T22:06:30.123;33.8;924402;0;20.66;67.4;19.637;69.2;24.118;33.3
2026-08-22T04:08:30.125;2026-08-21T22:08:30.125;33.8;812118;1;20.52;67.4;19.480;69.2;24.539;33.3
2026-08-22T04:10:30.124;2026-08-21T22:10:30.124;33.8;789179;1;20.49;67.4;19.320;69.2;24.957;33.3
2026-08-22T04:12:30.104;2026-08-21T22:12:30.104;34.1;796708;0;20.50;67.4;19.158;69.2;25.374;33.3
2026-08-22T04:14:30.126;2026-08-21T22:14:30.126;33.8;766870;1;20.46;67.3;18.993;69.3;25.790;33.3
2026-08-22T04:16:30.129;2026-08-21T22:16:30.129;34.1;782092;1;20.47;67.3;18.826;69.3;26.204;33.3
2026-08-22T04:18:30.109;2026-08-21T22:18:30.109;34.1;847810;1;20.56;67.3;18.656;69.3;26.617;33.3
2026-08-22T04:20:30.108;2026-08-21T22:20:30.108;34.1;807261;1;20.51;67.3;18.484;69.3;27.028;33.3
2026-08-22T04:22:30.117;2026-08-21T22:22:30.117;33.8;613224;0;20.20;67.3;18.309;69.3;27.437;33.3
2026-08-22T04:24:30.107;2026-08-21T22:24:30.107;33.8;706359;1;20.36;67.3;18.132;69.3;27.845;33.3
2026-08-22T04:26:30.126;2026-08-21T22:26:30.126;33.8;796601;0;20.50;67.3;17.953;69.3;28.252;33.3
2026-08-22T04:28:30.119;2026-08-21T22:28:30.119;33.8;931943;0;20.67;67.2;17.771;69.3;28.656;33.3
2026-08-22T04:30:30.104;2026-08-21T22:30:30.104;33.8;995277;1;20.74;67.2;17.587;69.4;29.059;33.3
2026-08-22T04:32:30.124;2026-08-21T22:32:30.124;33.8;1030686;0;20.78;67.2;17.401;69.4;29.461;33.3
2026-08-22T04:34:30.104;2026-08-21T22:34:30.104;33.5;1042400;1;20.79;67.2;17.212;69.4;29.861;33.3
2026-08-22T04:36:30.138;2026-08-21T22:36:30.138;33.5;1026973;1;20.77;67.2;17.021;69.4;30.259;33.3
2026-08-22T04:38:30.127;2026-08-21T22:38:30.127;33.5;1027234;1;20.77;67.2;16.828;69.4;30.656;33.3
2026-08-22T04:40:30.109;2026-08-21T22:40:30.109;33.5;1010073;0;20.76;67.2;16.632;69.4;31.051;33.3
2026-08-22T04:42:30.112;2026-08-21T22:42:30.112;33.5;1010294;1;20.76;67.1;16.435;69.4;31.445;33.3
2026-08-22T04:44:30.113;2026-08-21T22:44:30.113;33.1;819002;0;20.52;67.1;16.235;69.4;31.837;33.3
2026-08-22T04:46:30.144;2026-08-21T22:46:30.144;33.1;505156;1;20.00;67.1;16.033;69.4;32.227;33.3
2026-08-22T04:48:30.127;2026-08-21T22:48:30.127;33.1;377320;1;19.68;67.1;15.828;69.5;32.616;33.3
2026-08-22T04:50:30.117;2026-08-21T22:50:30.117;33.1;371505;1;19.66;67.1;15.622;69.5;33.003;33.3
2026-08-22T04:52:30.133;2026-08-21T22:52:30.133;33.1;485839;1;19.95;67.1;15.413;69.5;33.388;33.3
2026-08-22T04:54:30.116;2026-08-21T22:54:30.116;33.1;653780;1;20.27;67.0;15.202;69.5;33.772;33.3
2026-08-22T04:56:30.147;2026-08-21T22:56:30.147;33.1;776734;1;20.47;67.0;14.989;69.5;34.154;33.3
2026-08-22T04:58:30.127;2026-08-21T22:58:30.127;33.1;879589;1;20.60;67.0;14.774;69.5;34.534;33.3
2026-08-22T05:00:30.119;2026-08-21T23:00:30.119;32.8;926748;1;20.66;67.0;14.557;69.5;34.913;33.3
2026-08-22T05:02:30.142;2026-08-21T23:02:30.142;32.8;1005336;0;20.75;67.0;14.338;69.5;35.290;33.3
2026-08-22T05:04:30.114;2026-08-21T23:04:30.114;32.8;1047482;1;20.80;67.0;14.117;69.6;35.666;33.3
2026-08-22T05:06:30.119;2026-08-21T23:06:30.119;32.8;1056842;1;20.81;67.0;13.894;69.6;36.040;33.3
2026-08-22T05:08:30.120;2026-08-21T23:08:30.120;32.8;1077875;0;20.82;66.9;13.668;69.6;36.412;33.3
2026-08-22T05:10:30.113;2026-08-21T23:10:30.113;32.8;1082123;0;20.83;66.9;13.441;69.6;36.782;33.3
2026-08-22T05:12:30.132;2026-08-21T23:12:30.132;32.8;1069589;1;20.82;66.9;13.212;69.6;37.151;33.3
2026-08-22T05:14:30.122;2026-08-21T23:14:30.122;32.8;1050362;1;20.80;66.9;12.981;69.6;37.519;33.3
2026-08-22T05:16:30.103;2026-08-21T23:16:30.103;32.5;875743;1;20.60;66.9;12.748;69.6;37.884;33.3
2026-08-22T05:18:31.142;2026-08-21T23:18:31.142;32.5;740141;1;20.42;66.9;12.511;69.6;38.251;33.3
2026-08-22T05:20:31.140;2026-08-21T23:20:31.140;32.5;766032;1;20.46;66.9;12.274;69.7;38.614;33.3
2026-08-22T05:22:31.110;2026-08-21T23:22:31.110;32.5;854310;0;20.57;66.8;12.036;69.7;38.975;33.3
2026-08-22T05:24:31.118;2026-08-21T23:24:31.118;32.5;913915;0;20.65;66.8;11.795;69.7;39.334;33.3
2026-08-22T05:26:31.125;2026-08-21T23:26:31.125;32.5;924491;1;20.66;66.8;11.553;69.7;39.691;33.3
2026-08-22T05:28:31.154;2026-08-21T23:28:31.154;32.5;938834;0;20.68;66.8;11.309;69.7;40.047;33.3
2026-08-22T05:30:31.100;2026-08-21T23:30:31.100;32.5;953244;1;20.70;66.8;11.063;69.7;40.402;33.3
2026-08-22T05:32:31.114;2026-08-21T23:32:31.114;32.5;1009230;0;20.76;66.8;10.815;69.7;40.755;33.3
2026-08-22T05:34:31.118;2026-08-21T23:34:31.118;32.5;1079040;0;20.82;66.7;10.565;69.7;41.106;33.3
2026-08-22T05:36:31.105;2026-08-21T23:36:31.105;32.5;1125862;1;20.87;66.7;10.314;69.8;41.456;33.3
2026-08-22T05:38:31.113;2026-08-21T23:38:31.113;32.2;1154694;0;20.90;66.7;10.061;69.8;41.804;33.3
2026-08-22T05:40:31.121;2026-08-21T23:40:31.121;32.2;1192944;0;20.93;66.7;9.806;69.8;42.150;33.3
2026-08-22T05:42:31.132;2026-08-21T23:42:31.132;32.2;1203730;1;20.95;66.7;9.550;69.8;42.495;33.3
2026-08-22T05:44:31.133;2026-08-21T23:44:31.133;32.2;1216943;0;20.96;66.7;9.291;69.8;42.838;33.3
2026-08-22T05:46:31.188;2026-08-21T23:46:31.188;32.2;1246917;0;20.99;66.7;9.032;69.8;43.180;33.3
2026-08-22T05:48:31.111;2026-08-21T23:48:31.111;32.5;1254128;0;21.00;66.6;8.770;69.8;43.520;33.3
2026-08-22T05:50:31.115;2026-08-21T23:50:31.115;32.5;1271369;1;21.01;66.6;8.507;69.8;43.859;33.3
2026-08-22T05:52:31.114;2026-08-21T23:52:31.114;32.5;1289745;0;21.02;66.6;8.242;69.8;44.196;33.3
2026-08-22T05:54:31.099;2026-08-21T23:54:31.099;32.5;1293385;1;21.02;66.6;7.976;69.9;44.532;33.3
2026-08-22T05:56:31.101;2026-08-21T23:56:31.101;32.5;1300212;1;21.03;66.6;7.708;69.9;44.866;33.3
2026-08-22T05:58:31.118;2026-08-21T23:58:31.118;32.5;1294779;0;21.03;66.6;7.439;69.9;45.199;33.3
2026-08-22T06:00:31.129;2026-08-22T00:00:31.129;32.5;1317103;0;21.05;66.6;7.168;69.9;45.530;33.3
2026-08-22T06:02:31.108;2026-08-22T00:02:31.108;32.5;1354334;1;21.08;66.5;6.895;69.9;45.860;33.3
2026-08-22T06:04:31.137;2026-08-22T00:04:31.137;32.5;1346482;0;21.07;66.5;6.621;69.9;46.188;33.3
2026-08-22T06:06:31.116;2026-08-22T00:06:31.116;32.2;1386929;0;21.11;66.5;6.346;69.9;46.515;33.3
2026-08-22T06:08:31.104;2026-08-22T00:08:31.104;32.2;1396215;0;21.11;66.5;6.069;69.9;46.840;33.3
2026-08-22T06:10:31.156;2026-08-22T00:10:31.156;32.2;1435867;0;21.15;66.5;5.790;70.0;47.164;33.3
2026-08-22T06:12:31.109;2026-08-22T00:12:31.109;32.2;1456598;0;21.17;66.5;5.510;70.0;47.487;33.3
2026-08-22T06:14:31.134;2026-08-22T00:14:31.134;32.2;1469121;0;21.18;66.4;5.229;70.0;47.808;33.3
2026-08-22T06:16:31.098;2026-08-22T00:16:31.098;32.2;1476864;0;21.18;66.4;4.946;70.0;48.127;33.3
2026-08-22T06:18:31.124;2026-08-22T00:18:31.124;31.9;1509167;0;21.21;66.4;4.662;70.0;48.446;33.3
2026-08-22T06:20:31.146;2026-08-22T00:20:31.146;31.9;1553610;0;21.24;66.4;4.376;70.0;48.762;33.3
2026-08-22T06:22:31.137;2026-08-22T00:22:31.137;31.9;1591848;0;21.26;66.4;4.089;70.0;49.078;33.3
2026-08-22T06:24:31.110;2026-08-22T00:24:31.110;31.9;1619247;0;21.28;66.4;3.801;70.0;49.392;33.3
2026-08-22T06:26:31.128;2026-08-22T00:26:31.128;31.5;1630588;0;21.29;66.4;3.511;70.1;49.705;33.3
2026-08-22T06:28:31.105;2026-08-22T00:28:31.105;31.5;1683206;0;21.33;66.3;3.220;70.1;50.016;33.3
2026-08-22T06:30:31.113;2026-08-22T00:30:31.113;31.5;1703484;0;21.34;66.3;2.928;70.1;50.326;33.3
2026-08-22T06:32:31.127;2026-08-22T00:32:31.127;31.2;1766099;0;21.38;66.3;2.634;70.1;50.635;33.3
2026-08-22T06:34:31.125;2026-08-22T00:34:31.125;31.2;1812825;1;21.41;66.3;2.339;70.1;50.942;33.3
2026-08-22T06:36:31.106;2026-08-22T00:36:31.106;31.2;1853945;0;21.44;66.3;2.043;70.1;51.248;33.3
2026-08-22T06:38:31.109;2026-08-22T00:38:31.109;30.9;1893354;1;21.46;66.3;1.745;70.1;51.553;33.3
2026-08-22T06:40:31.102;2026-08-22T00:40:31.102;30.9;1937587;0;21.49;66.2;1.446;70.1;51.857;33.3
2026-08-22T06:42:31.153;2026-08-22T00:42:31.153;30.9;1970291;0;21.50;66.2;1.146;70.2;52.159;33.3
2026-08-22T06:44:31.111;2026-08-22T00:44:31.111;30.9;2025433;0;21.53;66.2;0.845;70.2;52.460;33.3
2026-08-22T06:46:31.112;2026-08-22T00:46:31.112;30.6;2083470;0;21.57;66.2;0.542;70.2;52.760;33.3
2026-08-22T06:48:31.101;2026-08-22T00:48:31.101;30.6;2119762;1;21.58;66.2;0.239;70.2;53.058;33.3
2026-08-22T06:50:31.111;2026-08-22T00:50:31.111;30.6;2191981;0;21.62;66.2;-0.066;70.2;53.356;33.3
2026-08-22T06:52:31.145;2026-08-22T00:52:31.145;30.6;2239153;0;21.65;66.2;-0.372;70.2;53.652;33.3
2026-08-22T06:54:31.139;2026-08-22T00:54:31.139;30.2;2302482;0;21.67;66.1;-0.679;70.2;53.947;33.3
2026-08-22T06:56:31.115;2026-08-22T00:56:31.115;30.2;2338432;0;21.69;66.1;-0.988;70.2;54.240;33.3
2026-08-22T06:58:31.132;2026-08-22T00:58:31.132;30.2;2351908;0;21.70;66.1;-1.297;70.2;54.533;33.3
2026-08-22T07:00:31.113;2026-08-22T01:00:31.113;30.2;2390619;0;21.71;66.1;-1.608;70.3;54.824;33.3
2026-08-22T07:02:31.106;2026-08-22T01:02:31.106;30.2;2390284;1;21.71;66.1;-1.919;70.3;55.115;33.3
2026-08-22T07:04:31.125;2026-08-22T01:04:31.125;29.9;2408836;1;21.73;66.1;-2.232;70.3;55.404;33.3
2026-08-22T07:06:31.122;2026-08-22T01:06:31.122;29.9;2437913;1;21.74;66.1;-2.546;70.3;55.692;33.3
2026-08-22T07:08:31.108;2026-08-22T01:08:31.108;29.9;2476562;0;21.76;66.0;-2.861;70.3;55.979;33.3
2026-08-22T07:10:31.105;2026-08-22T01:10:31.105;29.9;2476429;1;21.76;66.0;-3.177;70.3;56.264;33.3
2026-08-22T07:12:31.105;2026-08-22T01:12:31.105;29.9;2452223;0;21.75;66.0;-3.494;70.3;56.549;33.3
2026-08-22T07:14:31.107;2026-08-22T01:14:31.107;29.9;2463022;1;21.76;66.0;-3.812;70.3;56.833;33.3
2026-08-22T07:16:31.114;2026-08-22T01:16:31.114;29.9;2528857;0;21.78;66.0;-4.131;70.4;57.115;33.3
2026-08-22T07:18:31.130;2026-08-22T01:18:31.130;29.9;2544311;1;21.79;66.0;-4.451;70.4;57.397;33.3
2026-08-22T07:20:31.106;2026-08-22T01:20:31.106;29.9;2555470;0;21.79;65.9;-4.773;70.4;57.677;33.3
2026-08-22T07:22:31.131;2026-08-22T01:22:31.131;29.9;2551097;0;21.79;65.9;-5.095;70.4;57.957;33.3
2026-08-22T07:24:31.118;2026-08-22T01:24:31.118;29.9;2555636;0;21.79;65.9;-5.418;70.4;58.235;33.3
2026-08-22T07:26:31.134;2026-08-22T01:26:31.134;29.9;2562228;1;21.80;65.9;-5.742;70.4;58.513;33.3
2026-08-22T07:28:31.106;2026-08-22T01:28:31.106;29.9;2583702;0;21.80;65.9;-6.067;70.4;58.789;33.3
2026-08-22T07:30:31.110;2026-08-22T01:30:31.110;29.9;2572118;0;21.80;65.9;-6.393;70.4;59.065;33.3
2026-08-22T07:32:31.097;2026-08-22T01:32:31.097;29.9;2584586;0;21.80;65.9;-6.720;70.5;59.340;33.3
2026-08-22T07:34:31.134;2026-08-22T01:34:31.134;29.9;2554997;0;21.79;65.8;-7.048;70.5;59.613;33.3
2026-08-22T07:36:31.114;2026-08-22T01:36:31.114;29.9;2531421;0;21.78;65.8;-7.377;70.5;59.886;33.3
2026-08-22T07:38:31.125;2026-08-22T01:38:31.125;29.9;2655227;0;21.84;65.8;-7.706;70.5;60.158;33.3
2026-08-22T07:40:31.109;2026-08-22T01:40:31.109;29.9;2886317;1;21.94;65.8;-8.037;70.5;60.429;33.3
2026-08-22T07:42:31.100;2026-08-22T01:42:31.100;29.9;3025620;0;21.99;65.8;-8.368;70.5;60.699;33.3
2026-08-22T07:44:31.143;2026-08-22T01:44:31.143;29.9;3061227;0;22.00;65.8;-8.701;70.5;60.968;33.3
2026-08-22T07:46:31.107;2026-08-22T01:46:31.107;29.9;2973037;0;21.97;65.8;-9.034;70.5;61.236;33.3
2026-08-22T07:48:31.115;2026-08-22T01:48:31.115;29.9;2862551;0;21.92;65.7;-9.368;70.5;61.504;33.3
2026-08-22T07:50:31.110;2026-08-22T01:50:31.110;29.9;2797740;0;21.90;65.7;-9.703;70.6;61.770;33.3
2026-08-22T07:52:31.140;2026-08-22T01:52:31.140;29.9;2759336;0;21.89;65.7;-10.039;70.6;62.036;33.3
2026-08-22T07:54:31.118;2026-08-22T01:54:31.118;29.9;2750651;0;21.88;65.7;-10.375;70.6;62.301;33.3
2026-08-22T07:56:31.109;2026-08-22T01:56:31.109;29.9;2705390;0;21.87;65.7;-10.712;70.6;62.566;33.3
2026-08-22T07:58:31.128;2026-08-22T01:58:31.128;29.9;2707974;0;21.87;65.7;-11.051;70.6;62.829;33.3
2026-08-22T08:00:31.120;2026-08-22T02:00:31.120;29.9;2670657;0;21.85;65.6;-11.390;70.6;63.092;33.3
2026-08-22T08:02:31.097;2026-08-22T02:02:31.097;29.9;2672358;0;21.85;65.6;-11.729;70.6;63.354;33.3
2026-08-22T08:04:31.103;2026-08-22T02:04:31.103;29.9;2680725;0;21.85;65.6;-12.070;70.6;63.615;33.3
2026-08-22T08:06:31.131;2026-08-22T02:06:31.131;29.9;2697830;0;21.86;65.6;-12.411;70.7;63.875;33.3
2026-08-22T08:08:31.112;2026-08-22T02:08:31.112;29.9;2698505;0;21.86;65.6;-12.753;70.7;64.135;33.3
2026-08-22T08:10:31.108;2026-08-22T02:10:31.108;29.9;2704233;0;21.87;65.6;-13.096;70.7;64.394;33.3
2026-08-22T08:12:31.119;2026-08-22T02:12:31.119;29.9;2743952;0;21.88;65.6;-13.440;70.7;64.653;33.3
2026-08-22T08:14:31.108;2026-08-22T02:14:31.108;29.9;2750558;0;21.88;65.5;-13.784;70.7;64.911;33.3
2026-08-22T08:16:31.147;2026-08-22T02:16:31.147;29.9;2764213;0;21.89;65.5;-14.129;70.7;65.168;33.3
2026-08-22T08:18:31.102;2026-08-22T02:18:31.102;29.9;2798230;0;21.90;65.5;-14.475;70.7;65.424;33.3
2026-08-22T08:20:31.111;2026-08-22T02:20:31.111;29.9;2815410;0;21.90;65.5;-14.821;70.7;65.680;33.3
2026-08-22T08:22:31.112;2026-08-22T02:22:31.112;29.9;2780834;0;21.89;65.5;-15.168;70.8;65.935;33.3
2026-08-22T08:24:31.113;2026-08-22T02:24:31.113;29.9;2793479;0;21.90;65.5;-15.516;70.8;66.190;33.3
2026-08-22T08:26:31.132;2026-08-22T02:26:31.132;29.9;2834718;1;21.92;65.4;-15.864;70.8;66.444;33.3
2026-08-22T08:28:31.113;2026-08-22T02:28:31.113;29.9;2794988;0;21.90;65.4;-16.214;70.8;66.698;33.3
2026-08-22T08:30:31.129;2026-08-22T02:30:31.129;29.6;2775249;0;21.89;65.4;-16.563;70.8;66.951;33.3
2026-08-22T08:32:31.107;2026-08-22T02:32:31.107;29.6;2775830;0;21.89;65.4;-16.914;70.8;67.203;33.3
2026-08-22T08:34:31.125;2026-08-22T02:34:31.125;29.6;2783697;0;21.89;65.4;-17.265;70.8;67.455;33.3
2026-08-22T08:36:31.115;2026-08-22T02:36:31.115;29.6;2748846;0;21.87;65.4;-17.617;70.8;67.707;33.3
2026-08-22T08:38:31.110;2026-08-22T02:38:31.110;29.3;2794079;0;21.89;65.4;-17.969;70.8;67.957;33.3
2026-08-22T08:40:31.118;2026-08-22T02:40:31.118;29.3;2803518;0;21.90;65.3;-18.322;70.9;68.208;33.3
2026-08-22T08:42:31.129;2026-08-22T02:42:31.129;29.3;2805267;0;21.90;65.3;-18.676;70.9;68.458;33.3
2026-08-22T08:44:31.128;2026-08-22T02:44:31.128;29.3;2804190;0;21.90;65.3;-19.030;70.9;68.708;33.3
2026-08-22T08:46:31.104;2026-08-22T02:46:31.104;29.0;2793980;0;21.89;65.3;-19.385;70.9;68.957;33.3
2026-08-22T08:48:31.100;2026-08-22T02:48:31.100;29.0;2804642;1;21.90;65.3;-19.740;70.9;69.206;33.3
2026-08-22T08:50:31.120;2026-08-22T02:50:31.120;29.0;2817136;0;21.90;65.3;-20.096;70.9;69.454;33.3
2026-08-22T08:52:31.112;2026-08-22T02:52:31.112;29.0;2799428;0;21.89;65.3;-20.453;70.9;69.702;33.3
2026-08-22T08:54:31.129;2026-08-22T02:54:31.129;29.0;2697026;1;21.85;65.2;-20.810;70.9;69.950;33.3
2026-08-22T08:56:31.110;2026-08-22T02:56:31.110;29.0;2699434;0;21.85;65.2;-21.168;71.0;70.197;33.3
2026-08-22T08:58:31.158;2026-08-22T02:58:31.158;28.6;2745368;0;21.87;65.2;-21.526;71.0;70.444;33.3
2026-08-22T09:00:31.106;2026-08-22T03:00:31.106;28.6;2742615;1;21.87;65.2;-21.885;71.0;70.691;33.3
2026-08-22T09:02:31.111;2026-08-22T03:02:31.111;28.6;2766946;1;21.88;65.2;-22.244;71.0;70.937;33.3
2026-08-22T09:04:31.124;2026-08-22T03:04:31.124;28.6;2764239;0;21.88;65.2;-22.604;71.0;71.183;33.3
2026-08-22T09:06:31.101;2026-08-22T03:06:31.101;28.6;2784842;1;21.89;65.1;-22.964;71.0;71.429;33.3
2026-08-22T09:08:31.139;2026-08-22T03:08:31.139;28.6;2807043;0;21.90;65.1;-23.325;71.0;71.675;33.3
2026-08-22T09:10:31.118;2026-08-22T03:10:31.118;28.6;2811241;0;21.90;65.1;-23.687;71.0;71.920;33.3
2026-08-22T09:12:31.117;2026-08-22T03:12:31.117;28.3;2807679;0;21.90;65.1;-24.049;71.1;72.165;33.3
2026-08-22T09:14:31.130;2026-08-22T03:14:31.130;28.3;2806756;0;21.90;65.1;-24.411;71.1;72.410;33.3
2026-08-22T09:16:31.157;2026-08-22T03:16:31.157;28.3;2761947;0;21.88;65.1;-24.774;71.1;72.655;33.3
2026-08-22T09:18:31.099;2026-08-22T03:18:31.099;28.3;2782724;0;21.89;65.1;-25.138;71.1;72.900;33.3
2026-08-22T09:20:31.106;2026-08-22T03:20:31.106;28.3;2774094;1;21.89;65.0;-25.501;71.1;73.144;33.3
2026-08-22T09:22:31.106;2026-08-22T03:22:31.106;28.0;2763435;1;21.88;65.0;-25.866;71.1;73.389;33.3
2026-08-22T09:24:31.115;2026-08-22T03:24:31.115;28.0;2735269;0;21.87;65.0;-26.231;71.1;73.633;33.3
2026-08-22T09:26:31.121;2026-08-22T03:26:31.121;28.0;2716924;0;21.86;65.0;-26.596;71.1;73.877;33.3
2026-08-22T09:28:31.121;2026-08-22T03:28:31.121;28.0;2728716;0;21.87;65.0;-26.962;71.1;74.121;33.3
2026-08-22T09:30:31.138;2026-08-22T03:30:31.138;28.0;2698456;0;21.85;65.0;-27.328;71.2;74.365;33.3
2026-08-22T09:32:31.127;2026-08-22T03:32:31.127;27.7;2698257;0;21.85;65.0;-27.694;71.2;74.609;33.3
2026-08-22T09:34:31.098;2026-08-22T03:34:31.098;27.7;2633205;0;21.83;64.9;-28.061;71.2;74.853;33.3
2026-08-22T09:36:31.104;2026-08-22T03:36:31.104;27.7;2617090;0;21.82;64.9;-28.429;71.2;75.098;33.3
2026-08-22T09:38:31.126;2026-08-22T03:38:31.126;27.7;2582840;0;21.80;64.9;-28.797;71.2;75.342;33.3
2026-08-22T09:40:31.135;2026-08-22T03:40:31.135;27.7;2574884;0;21.80;64.9;-29.165;71.2;75.586;33.3
2026-08-22T09:42:31.127;2026-08-22T03:42:31.127;27.7;2565996;0;21.80;64.9;-29.534;71.2;75.830;33.3
2026-08-22T09:44:31.114;2026-08-22T03:44:31.114;27.3;2572455;1;21.80;64.9;-29.903;71.2;76.075;33.3
2026-08-22T09:46:31.099;2026-08-22T03:46:31.099;27.3;2539969;0;21.79;64.8;-30.272;71.3;76.319;33.3
2026-08-22T09:48:31.122;2026-08-22T03:48:31.122;27.3;2547071;0;21.79;64.8;-30.642;71.3;76.564;33.3
2026-08-22T09:50:31.105;2026-08-22T03:50:31.105;27.3;2507674;0;21.78;64.8;-31.012;71.3;76.809;33.3
2026-08-22T09:52:31.130;2026-08-22T03:52:31.130;27.7;2524938;0;21.78;64.8;-31.383;71.3;77.054;33.3
2026-08-22T09:54:31.120;2026-08-22T03:54:31.120;27.7;2507319;0;21.77;64.8;-31.754;71.3;77.299;33.3
2026-08-22T09:56:31.119;2026-08-22T03:56:31.119;27.7;2439712;0;21.74;64.8;-32.125;71.3;77.544;33.3
2026-08-22T09:58:31.126;2026-08-22T03:58:31.126;27.7;2309187;0;21.67;64.8;-32.497;71.3;77.790;33.3
2026-08-22T10:00:31.109;2026-08-22T04:00:31.109;27.7;2452600;1;21.74;64.7;-32.869;71.3;78.036;33.3
2026-08-22T10:02:31.110;2026-08-22T04:02:31.110;27.7;2478667;0;21.76;64.7;-33.241;71.3;78.282;33.3
2026-08-22T10:04:31.121;2026-08-22T04:04:31.121;28.0;2463755;0;21.75;64.7;-33.614;71.4;78.529;33.3
2026-08-22T10:06:31.132;2026-08-22T04:06:31.132;28.0;2452432;0;21.74;64.7;-33.987;71.4;78.776;33.3
2026-08-22T10:08:31.114;2026-08-22T04:08:31.114;28.0;2456333;0;21.74;64.7;-34.360;71.4;79.023;33.3
2026-08-22T10:10:31.110;2026-08-22T04:10:31.110;28.0;2454639;1;21.74;64.7;-34.734;71.4;79.271;33.3
2026-08-22T10:12:31.132;2026-08-22T04:12:31.132;28.0;2460492;0;21.75;64.6;-35.108;71.4;79.520;33.3
2026-08-22T10:14:31.114;2026-08-22T04:14:31.114;28.3;2425813;0;21.74;64.6;-35.482;71.4;79.768;33.3
2026-08-22T10:16:31.126;2026-08-22T04:16:31.126;28.3;2459398;0;21.75;64.6;-35.857;71.4;80.017;33.3
2026-08-22T10:18:31.113;2026-08-22T04:18:31.113;28.3;2454220;0;21.74;64.6;-36.231;71.4;80.267;33.3
2026-08-22T10:20:31.108;2026-08-22T04:20:31.108;28.3;2445330;1;21.74;64.6;-36.606;71.5;80.517;33.3
2026-08-22T10:22:31.132;2026-08-22T04:22:31.132;28.3;2449388;0;21.74;64.6;-36.982;71.5;80.768;33.3
2026-08-22T10:24:31.134;2026-08-22T04:24:31.134;28.3;2433433;0;21.74;64.6;-37.357;71.5;81.020;33.3
2026-08-22T10:26:31.126;2026-08-22T04:26:31.126;28.3;2420580;0;21.73;64.5;-37.733;71.5;81.272;33.3
2026-08-22T10:28:31.104;2026-08-22T04:28:31.104;28.6;2437253;0;21.74;64.5;-38.110;71.5;81.525;33.3
2026-08-22T10:30:31.114;2026-08-22T04:30:31.114;28.3;2421847;0;21.73;64.5;-38.486;71.5;81.778;33.3
2026-08-22T10:32:31.130;2026-08-22T04:32:31.130;28.3;2433660;0;21.74;64.5;-38.863;71.5;82.033;33.3
2026-08-22T10:34:31.120;2026-08-22T04:34:31.120;28.3;2429900;0;21.74;64.5;-39.239;71.5;82.288;33.3
2026-08-22T10:36:31.124;2026-08-22T04:36:31.124;28.3;2413569;0;21.73;64.5;-39.617;71.6;82.544;33.3
2026-08-22T10:38:31.121;2026-08-22T04:38:31.121;28.3;2393722;0;21.72;64.5;-39.994;71.6;82.800;33.3
2026-08-22T10:40:31.116;2026-08-22T04:40:31.116;28.6;2415258;0;21.73;64.4;-40.371;71.6;83.058;33.3
2026-08-22T10:42:31.106;2026-08-22T04:42:31.106;28.6;2395180;0;21.72;64.4;-40.749;71.6;83.316;33.3
2026-08-22T10:44:31.115;2026-08-22T04:44:31.115;28.6;2346315;0;21.70;64.4;-41.127;71.6;83.576;33.3
2026-08-22T10:46:31.130;2026-08-22T04:46:31.130;28.6;2357753;0;21.70;64.4;-41.505;71.6;83.836;33.3
2026-08-22T10:48:31.121;2026-08-22T04:48:31.121;28.6;2347653;0;21.70;64.4;-41.883;71.6;84.098;33.3
2026-08-22T10:50:31.114;2026-08-22T04:50:31.114;28.6;2304338;0;21.67;64.4;-42.262;71.6;84.361;33.3
2026-08-22T10:52:31.122;2026-08-22T04:52:31.122;28.6;2308002;0;21.67;64.3;-42.641;71.6;84.624;33.3
2026-08-22T10:54:31.143;2026-08-22T04:54:31.143;29.0;2307026;0;21.67;64.3;-43.019;71.7;84.889;33.3
2026-08-22T10:56:31.120;2026-08-22T04:56:31.120;29.0;2254351;0;21.65;64.3;-43.398;71.7;85.156;33.3
2026-08-22T10:58:31.104;2026-08-22T04:58:31.104;29.0;2226092;0;21.63;64.3;-43.777;71.7;85.423;33.3
2026-08-22T11:00:31.124;2026-08-22T05:00:31.124;29.0;2210042;0;21.62;64.3;-44.157;71.7;85.692;33.3
2026-08-22T11:02:31.110;2026-08-22T05:02:31.110;29.0;2154642;1;21.60;64.3;-44.536;71.7;85.962;33.3
2026-08-22T11:04:31.161;2026-08-22T05:04:31.161;29.0;2073518;0;21.56;64.3;-44.916;71.7;86.234;33.3
2026-08-22T11:06:31.117;2026-08-22T05:06:31.117;29.0;1996065;0;21.51;64.2;-45.295;71.7;86.507;33.3
2026-08-22T11:08:31.099;2026-08-22T05:08:31.099;29.0;1875904;0;21.44;64.2;-45.675;71.7;86.781;33.3
2026-08-22T11:10:31.142;2026-08-22T05:10:31.142;29.0;1741574;0;21.36;64.2;-46.055;71.8;87.057;33.3
2026-08-22T11:12:31.108;2026-08-22T05:12:31.108;29.0;1569603;0;21.25;64.2;-46.435;71.8;87.335;33.3
2026-08-22T11:14:31.106;2026-08-22T05:14:31.106;29.0;1393592;0;21.11;64.2;-46.815;71.8;87.614;33.3
2026-08-22T11:16:31.099;2026-08-22T05:16:31.099;29.0;1203064;1;20.94;64.2;-47.195;71.8;87.896;33.3
2026-08-22T11:18:31.131;2026-08-22T05:18:31.131;29.0;1011151;0;20.76;64.2;-47.575;71.8;88.179;33.3
2026-08-22T11:20:31.139;2026-08-22T05:20:31.139;29.0;827536;1;20.54;64.1;-47.955;71.8;88.464;33.3
2026-08-22T11:22:31.113;2026-08-22T05:22:31.113;28.6;662425;1;20.29;64.1;-48.336;71.8;88.751;33.3
2026-08-22T11:24:31.105;2026-08-22T05:24:31.105;28.6;518544;1;20.03;64.1;-48.716;71.8;89.040;33.3
2026-08-22T11:26:31.145;2026-08-22T05:26:31.145;28.6;400435;1;19.74;64.1;-49.096;71.8;89.331;33.3
2026-08-22T11:28:31.128;2026-08-22T05:28:31.128;28.6;305301;1;19.44;64.1;-49.477;71.9;89.624;33.3
2026-08-22T11:30:31.122;2026-08-22T05:30:31.122;28.3;229536;2;19.14;64.1;-49.857;71.9;89.919;33.3
2026-08-22T11:32:31.130;2026-08-22T05:32:31.130;28.3;171964;3;18.81;64.0;-50.237;71.9;90.217;33.3
2026-08-22T11:34:31.111;2026-08-22T05:34:31.111;28.3;127699;4;18.49;64.0;-50.618;71.9;90.517;33.3
2026-08-22T11:36:31.148;2026-08-22T05:36:31.148;28.3;94128;5;18.16;64.0;-50.998;71.9;90.820;33.3
2026-08-22T11:38:31.101;2026-08-22T05:38:31.101;28.0;69065;6;17.82;64.0;-51.379;71.9;91.125;33.3
2026-08-22T11:40:31.104;2026-08-22T05:40:31.104;28.0;49213;9;17.46;64.0;-51.759;71.9;91.433;33.3
2026-08-22T11:42:31.109;2026-08-22T05:42:31.109;28.0;34791;13;17.08;64.0;-52.139;71.9;91.744;33.3
2026-08-22T11:44:31.105;2026-08-22T05:44:31.105;28.0;24173;19;16.69;64.0;-52.519;72.0;92.058;33.3
2026-08-22T11:46:31.112;2026-08-22T05:46:31.112;27.7;16509;28;16.27;63.9;-52.899;72.0;92.374;33.3
2026-08-22T11:48:31.113;2026-08-22T05:48:31.113;27.7;10640;43;15.79;63.9;-53.279;72.0;92.694;33.3
2026-08-22T11:50:31.102;2026-08-22T05:50:31.102;27.7;6748;68;15.30;63.9;-53.659;72.0;93.017;33.3
2026-08-22T11:52:31.126;2026-08-22T05:52:31.126;27.7;4103;110;14.76;63.9;-54.039;72.0;93.343;33.3
2026-08-22T11:54:31.104;2026-08-22T05:54:31.104;27.7;0;179;14.26;63.9;-54.419;72.0;93.672;33.3
2026-08-22T11:56:31.095;2026-08-22T05:56:31.095;27.3;0;292;13.73;63.9;-54.798;72.0;94.006;33.3
2026-08-22T11:58:31.115;2026-08-22T05:58:31.115;27.3;0;472;13.21;63.8;-55.178;72.0;94.342;33.3
2026-08-22T12:00:31.121;2026-08-22T06:00:31.121;27.3;0;754;12.70;63.8;-55.557;72.0;94.683;33.3
2026-08-22T12:02:31.121;2026-08-22T06:02:31.121;27.3;0;1188;12.21;63.8;-55.936;72.1;95.028;33.3
2026-08-22T12:04:31.131;2026-08-22T06:04:31.131;27.0;0;1837;11.73;63.8;-56.315;72.1;95.376;33.3
2026-08-22T12:06:31.104;2026-08-22T06:06:31.104;27.0;0;2809;11.27;63.8;-56.693;72.1;95.729;33.3
2026-08-22T12:08:31.115;2026-08-22T06:08:31.115;27.0;0;4242;10.83;63.8;-57.071;72.1;96.087;33.3
2026-08-22T12:10:31.133;2026-08-22T06:10:31.133;27.0;0;6367;10.39;63.8;-57.450;72.1;96.449;33.3
2026-08-22T12:12:31.107;2026-08-22T06:12:31.107;26.7;0;9548;9.95;63.7;-57.827;72.1;96.815;33.3
2026-08-22T12:14:31.096;2026-08-22T06:14:31.096;26.7;0;13934;9.54;63.7;-58.205;72.1;97.187;33.3
2026-08-22T12:16:31.162;2026-08-22T06:16:31.162;26.7;0;18941;9.21;63.7;-58.582;72.1;97.564;33.3
2026-08-22T12:18:31.133;2026-08-22T06:18:31.133;26.7;0;24987;8.90;63.7;-58.959;72.2;97.946;33.3
2026-08-22T12:20:31.116;2026-08-22T06:20:31.116;26.7;0;32538;8.61;63.7;-59.335;72.2;98.333;33.3
2026-08-22T12:22:31.110;2026-08-22T06:22:31.110;26.4;0;41048;8.36;63.7;-59.712;72.2;98.726;33.3
2026-08-22T12:24:31.106;2026-08-22T06:24:31.106;26.4;0;50913;8.13;63.7;-60.087;72.2;99.126;33.3
