# Light Pollution Monitoring Data Format 1.0
# URL: http://www.darksky.org/measurements
# Number of header lines: 37
# This data is released under the following license: ODbL 1.0 http://opendatacommons.org/licenses/odbl/summary/
# Device type: SQM-LE
# Instrument ID: Crestone
# Data supplier: 
# Location name: Crestone Colorado
# Position (lat, lon, elev(m)): 37.9979, -105.69884, 2452
# Local timezone: MST7MDT
# Time Synchronization: 
# Moving / Stationary position: STATIONARY
# Moving / Fixed look direction: FIXED
# Number of channels: 1
# Filters per channel: 
# Measurement direction per channel: 
# Field of view (degrees): 6
# Number of fields per line: 6
# SQM serial number: 6080
# SQM hardware identity: 0080A3F51677
# SQM firmware version: 4-3-79
# SQM cover offset value: 
# SQM readout test ix (Information): i,00000004,00000003,00000079,00006080
# SQM readout test rx (Reading): r, 00.00m,0000568329Hz,0000000000c,0000000.000s, 041.5C,D
# SQM readout test cx (Calibration): c,00000019.89m,0000238.774s, 024.1C,00000008.71m, 026.4C
# SQM readout test Ix (Report Interval): 0000000120s,0000000120s,00000018.00m,00000018.00m
# Comment: 
# Comment: 
# Comment: 
# Comment: 
# Comment: 
# UDM version: 1.0.0.352
# UDM setting: Logged continuously every 2 minutes,Threshold = 8 mpsas, Record limit = 1000.
# blank line
# UTC Date & Time, Local Date & Time, Temperature, Counts, Frequency, MSAS, MoonPhaseDeg, MoonElevDeg, MoonIllum, MoonAzimuth, Humidity
# YYYY-MM-DDTHH:mm:ss.fff;YYYY-MM-DDTHH:mm:ss.fff;Celsius;number;Hz;mag/arcsec^2;Degrees;Degrees;Percent;Degrees;Percent
# END OF HEADER
2026-08-05T02:10:53.089;2026-08-04T20:10:53.089;36.7;0;52460;8.10;-77.0;-27.270;61.3;-141.966;33.3
2026-08-05T02:12:53.111;2026-08-04T20:12:53.111;36.7;0;39771;8.40;-77.0;-27.027;61.3;-141.520;33.3
2026-08-05T02:14:53.098;2026-08-04T20:14:53.098;36.4;0;29203;8.73;-77.0;-26.783;61.3;-141.076;33.3
2026-08-05T02:16:53.100;2026-08-04T20:16:53.100;36.4;0;17416;9.29;-77.0;-26.536;61.2;-140.634;33.3
2026-08-05T02:18:53.089;2026-08-04T20:18:53.089;36.4;0;10401;9.85;-77.0;-26.287;61.2;-140.195;33.3
2026-08-05T02:20:53.116;2026-08-04T20:20:53.116;36.0;0;8417;10.08;-77.0;-26.035;61.2;-139.759;33.3
2026-08-05T02:22:53.099;2026-08-04T20:22:53.099;36.0;0;9164;9.99;-77.1;-25.782;61.2;-139.325;33.3
2026-08-05T02:24:53.112;2026-08-04T20:24:53.112;36.0;0;7026;10.28;-77.1;-25.526;61.2;-138.894;33.3
2026-08-05T02:26:53.105;2026-08-04T20:26:53.105;35.7;0;4322;10.80;-77.1;-25.268;61.2;-138.465;33.3
2026-08-05T02:28:53.098;2026-08-04T20:28:53.098;35.7;0;2795;11.28;-77.1;-25.008;61.1;-138.038;33.3
2026-08-05T02:30:53.109;2026-08-04T20:30:53.109;35.7;0;1793;11.76;-77.1;-24.746;61.1;-137.614;33.3
2026-08-05T02:32:53.133;2026-08-04T20:32:53.133;35.7;0;1149;12.25;-77.2;-24.482;61.1;-137.193;33.3
2026-08-05T02:34:53.104;2026-08-04T20:34:53.104;35.7;0;734;12.73;-77.2;-24.216;61.1;-136.774;33.3
2026-08-05T02:36:53.103;2026-08-04T20:36:53.103;35.4;0;465;13.22;-77.2;-23.947;61.1;-136.358;33.3
2026-08-05T02:38:53.109;2026-08-04T20:38:53.109;35.4;0;294;13.72;-77.2;-23.677;61.1;-135.944;33.3
2026-08-05T02:40:53.092;2026-08-04T20:40:53.092;35.4;0;189;14.20;-77.2;-23.405;61.1;-135.532;33.3
2026-08-05T02:42:53.094;2026-08-04T20:42:53.094;35.4;0;130;14.61;-77.2;-23.131;61.0;-135.123;33.3
2026-08-05T02:44:53.143;2026-08-04T20:44:53.143;35.4;5321;88;15.04;-77.3;-22.855;61.0;-134.716;33.3
2026-08-05T02:46:53.099;2026-08-04T20:46:53.099;35.4;8585;54;15.56;-77.3;-22.578;61.0;-134.311;33.3
2026-08-05T02:48:53.123;2026-08-04T20:48:53.123;35.4;12692;36;15.99;-77.3;-22.298;61.0;-133.909;33.3
2026-08-05T02:50:53.101;2026-08-04T20:50:53.101;35.4;19124;24;16.43;-77.3;-22.017;61.0;-133.509;33.3
2026-08-05T02:52:53.106;2026-08-04T20:52:53.106;35.1;26953;17;16.80;-77.3;-21.733;61.0;-133.111;33.3
2026-08-05T02:54:53.127;2026-08-04T20:54:53.127;35.1;38395;12;17.18;-77.3;-21.448;61.0;-132.716;33.3
2026-08-05T02:56:53.092;2026-08-04T20:56:53.092;35.4;52762;9;17.54;-77.4;-21.162;60.9;-132.323;33.3
2026-08-05T02:58:53.104;2026-08-04T20:58:53.104;35.4;71921;6;17.87;-77.4;-20.873;60.9;-131.932;33.3
2026-08-05T03:00:53.117;2026-08-04T21:00:53.117;35.4;103592;5;18.27;-77.4;-20.583;60.9;-131.544;33.3
2026-08-05T03:02:53.108;2026-08-04T21:02:53.108;35.4;124924;4;18.47;-77.4;-20.291;60.9;-131.157;33.3
2026-08-05T03:04:53.098;2026-08-04T21:04:53.098;35.4;146850;3;18.65;-77.4;-19.998;60.9;-130.773;33.3
2026-08-05T03:06:53.098;2026-08-04T21:06:53.098;35.4;205312;2;19.02;-77.4;-19.702;60.9;-130.391;33.3
2026-08-05T03:08:53.102;2026-08-04T21:08:53.102;35.4;282380;2;19.35;-77.5;-19.406;60.9;-130.011;33.3
2026-08-05T03:10:53.108;2026-08-04T21:10:53.108;35.4;358086;2;19.62;-77.5;-19.107;60.8;-129.634;33.3
2026-08-05T03:12:53.101;2026-08-04T21:12:53.101;35.4;464821;1;19.91;-77.5;-18.807;60.8;-129.258;33.3
2026-08-05T03:14:53.095;2026-08-04T21:14:53.095;35.4;647047;0;20.26;-77.5;-18.506;60.8;-128.884;33.3
2026-08-05T03:16:53.143;2026-08-04T21:16:53.143;35.4;794948;1;20.50;-77.5;-18.203;60.8;-128.513;33.3
2026-08-05T03:18:53.107;2026-08-04T21:18:53.107;35.4;981461;1;20.73;-77.6;-17.898;60.8;-128.143;33.3
2026-08-05T03:20:53.094;2026-08-04T21:20:53.094;35.1;1195146;0;20.94;-77.6;-17.592;60.8;-127.776;33.3
2026-08-05T03:22:53.107;2026-08-04T21:22:53.107;35.1;1488481;1;21.19;-77.6;-17.285;60.7;-127.411;33.3
2026-08-05T03:24:53.102;2026-08-04T21:24:53.102;35.1;1901299;1;21.47;-77.6;-16.976;60.7;-127.047;33.3
2026-08-05T03:26:53.143;2026-08-04T21:26:53.143;35.1;2435930;0;21.74;-77.6;-16.665;60.7;-126.686;33.3
2026-08-05T03:28:53.106;2026-08-04T21:28:53.106;35.1;3012602;0;21.99;-77.6;-16.353;60.7;-126.326;33.3
2026-08-05T03:30:53.097;2026-08-04T21:30:53.097;35.1;2855640;0;21.92;-77.7;-16.040;60.7;-125.969;33.3
2026-08-05T03:32:53.106;2026-08-04T21:32:53.106;35.1;2639661;0;21.83;-77.7;-15.726;60.7;-125.613;33.3
2026-08-05T03:34:53.100;2026-08-04T21:34:53.100;35.1;2737237;0;21.88;-77.7;-15.410;60.7;-125.259;33.3
2026-08-05T03:36:53.107;2026-08-04T21:36:53.107;35.1;2970344;0;21.97;-77.7;-15.092;60.6;-124.907;33.3
2026-08-05T03:38:53.112;2026-08-04T21:38:53.112;35.1;2887963;0;21.94;-77.7;-14.774;60.6;-124.557;33.3
2026-08-05T03:40:53.117;2026-08-04T21:40:53.117;35.4;2846179;1;21.92;-77.7;-14.454;60.6;-124.209;33.3
2026-08-05T03:42:53.151;2026-08-04T21:42:53.151;35.4;2921181;0;21.95;-77.8;-14.133;60.6;-123.862;33.3
2026-08-05T03:44:53.123;2026-08-04T21:44:53.123;35.4;2891776;0;21.94;-77.8;-13.811;60.6;-123.517;33.3
2026-08-05T03:46:53.114;2026-08-04T21:46:53.114;35.4;2922433;0;21.95;-77.8;-13.487;60.6;-123.174;33.3
2026-08-05T03:48:53.107;2026-08-04T21:48:53.107;35.4;2909991;0;21.94;-77.8;-13.162;60.6;-122.833;33.3
2026-08-05T03:50:53.105;2026-08-04T21:50:53.105;35.4;3096429;0;22.02;-77.8;-12.836;60.5;-122.493;33.3
2026-08-05T03:52:53.123;2026-08-04T21:52:53.123;35.4;3164356;0;22.04;-77.9;-12.509;60.5;-122.155;33.3
2026-08-05T03:54:53.106;2026-08-04T21:54:53.106;35.4;3506375;0;22.16;-77.9;-12.180;60.5;-121.819;33.3
2026-08-05T03:56:53.123;2026-08-04T21:56:53.123;35.4;3375903;0;22.12;-77.9;-11.851;60.5;-121.484;33.3
2026-08-05T03:58:53.098;2026-08-04T21:58:53.098;35.1;3184959;1;22.05;-77.9;-11.520;60.5;-121.151;33.3
2026-08-05T04:00:53.092;2026-08-04T22:00:53.092;35.1;3146228;0;22.04;-77.9;-11.188;60.5;-120.820;33.3
2026-08-05T04:02:53.129;2026-08-04T22:02:53.129;35.1;3102542;0;22.02;-77.9;-10.855;60.4;-120.490;33.3
2026-08-05T04:04:53.122;2026-08-04T22:04:53.122;35.1;3131706;1;22.03;-78.0;-10.521;60.4;-120.161;33.3
2026-08-05T04:06:53.109;2026-08-04T22:06:53.109;35.1;3228362;0;22.07;-78.0;-10.186;60.4;-119.835;33.3
2026-08-05T04:08:53.139;2026-08-04T22:08:53.139;35.1;2960674;0;21.97;-78.0;-9.850;60.4;-119.509;33.3
2026-08-05T04:10:53.111;2026-08-04T22:10:53.111;34.8;2963882;0;21.97;-78.0;-9.513;60.4;-119.185;33.3
2026-08-05T04:12:53.112;2026-08-04T22:12:53.112;34.8;3008137;0;21.99;-78.0;-9.174;60.4;-118.863;33.3
2026-08-05T04:14:53.100;2026-08-04T22:14:53.100;34.8;2900082;0;21.94;-78.0;-8.835;60.4;-118.542;33.3
2026-08-05T04:16:53.104;2026-08-04T22:16:53.104;34.8;2874841;0;21.93;-78.1;-8.495;60.3;-118.222;33.3
2026-08-05T04:18:53.127;2026-08-04T22:18:53.127;34.8;2832229;0;21.91;-78.1;-8.154;60.3;-117.904;33.3
2026-08-05T04:20:53.106;2026-08-04T22:20:53.106;34.4;2909248;0;21.95;-78.1;-7.812;60.3;-117.587;33.3
2026-08-05T04:22:53.099;2026-08-04T22:22:53.099;34.4;2814793;0;21.90;-78.1;-7.468;60.3;-117.272;33.3
2026-08-05T04:24:53.101;2026-08-04T22:24:53.101;34.4;2860450;0;21.92;-78.1;-7.124;60.3;-116.957;33.3
2026-08-05T04:26:53.124;2026-08-04T22:26:53.124;34.4;2790936;1;21.90;-78.2;-6.779;60.3;-116.644;33.3
2026-08-05T04:28:53.097;2026-08-04T22:28:53.097;34.4;2786754;1;21.90;-78.2;-6.433;60.2;-116.333;33.3
2026-08-05T04:30:53.125;2026-08-04T22:30:53.125;34.1;2692648;0;21.85;-78.2;-6.087;60.2;-116.022;33.3
2026-08-05T04:32:53.131;2026-08-04T22:32:53.131;34.1;2647319;1;21.83;-78.2;-5.739;60.2;-115.713;33.3
2026-08-05T04:34:53.091;2026-08-04T22:34:53.091;34.1;2652101;0;21.83;-78.2;-5.390;60.2;-115.405;33.3
2026-08-05T04:36:53.103;2026-08-04T22:36:53.103;33.8;2720275;0;21.87;-78.2;-5.041;60.2;-115.099;33.3
2026-08-05T04:38:53.093;2026-08-04T22:38:53.093;33.8;2711675;0;21.86;-78.3;-4.691;60.2;-114.793;33.3
2026-08-05T04:40:53.130;2026-08-04T22:40:53.130;33.8;2717767;0;21.86;-78.3;-4.339;60.2;-114.489;33.3
2026-08-05T04:42:53.109;2026-08-04T22:42:53.109;33.8;2801896;0;21.90;-78.3;-3.987;60.1;-114.185;33.3
2026-08-05T04:44:53.098;2026-08-04T22:44:53.098;33.8;2775315;0;21.89;-78.3;-3.635;60.1;-113.883;33.3
2026-08-05T04:46:53.101;2026-08-04T22:46:53.101;33.5;2648608;0;21.83;-78.3;-3.281;60.1;-113.582;33.3
2026-08-05T04:48:53.105;2026-08-04T22:48:53.105;33.5;2781020;0;21.89;-78.3;-2.927;60.1;-113.282;33.3
2026-08-05T04:50:53.152;2026-08-04T22:50:53.152;33.5;2842154;0;21.91;-78.4;-2.572;60.1;-112.983;33.3
2026-08-05T04:52:53.114;2026-08-04T22:52:53.114;33.5;2721891;1;21.87;-78.4;-2.216;60.1;-112.685;33.3
2026-08-05T04:54:53.112;2026-08-04T22:54:53.112;33.1;2542224;0;21.79;-78.4;-1.859;60.1;-112.388;33.3
2026-08-05T04:56:53.101;2026-08-04T22:56:53.101;33.1;2490830;0;21.77;-78.4;-1.502;60.0;-112.092;33.3
2026-08-05T04:58:53.116;2026-08-04T22:58:53.116;33.1;2434419;1;21.74;-78.4;-1.144;60.0;-111.797;33.3
2026-08-05T05:00:53.098;2026-08-04T23:00:53.098;32.8;2431614;1;21.74;-78.5;-0.785;60.0;-111.503;33.3
2026-08-05T05:02:53.111;2026-08-04T23:02:53.111;32.8;2349554;0;21.70;-78.5;-0.426;60.0;-111.210;33.3
2026-08-05T05:04:53.111;2026-08-04T23:04:53.111;32.8;2264274;0;21.65;-78.5;-0.066;60.0;-110.917;33.3
2026-08-05T05:06:53.121;2026-08-04T23:06:53.121;32.8;2033501;0;21.54;-78.5;0.295;60.0;-110.626;33.3
2026-08-05T05:08:53.112;2026-08-04T23:08:53.112;32.5;2182147;0;21.61;-78.5;0.657;59.9;-110.335;33.3
2026-08-05T05:10:53.096;2026-08-04T23:10:53.096;32.5;2083639;0;21.57;-78.5;1.019;59.9;-110.045;33.3
2026-08-05T05:12:53.105;2026-08-04T23:12:53.105;32.5;2009201;0;21.52;-78.6;1.382;59.9;-109.756;33.3
2026-08-05T05:14:53.100;2026-08-04T23:14:53.100;32.2;1908912;0;21.47;-78.6;1.745;59.9;-109.468;33.3
2026-08-05T05:16:53.092;2026-08-04T23:16:53.092;32.2;1921458;0;21.47;-78.6;2.109;59.9;-109.181;33.3
2026-08-05T05:18:53.108;2026-08-04T23:18:53.108;32.2;1883066;0;21.45;-78.6;2.474;59.9;-108.894;33.3
2026-08-05T05:20:53.096;2026-08-04T23:20:53.096;31.9;1818457;0;21.41;-78.6;2.839;59.9;-108.608;33.3
2026-08-05T05:22:53.109;2026-08-04T23:22:53.109;31.9;1777760;0;21.39;-78.6;3.205;59.8;-108.323;33.3
2026-08-05T05:24:53.104;2026-08-04T23:24:53.104;31.9;1676163;1;21.32;-78.7;3.571;59.8;-108.038;33.3
2026-08-05T05:26:53.104;2026-08-04T23:26:53.104;31.5;1628209;0;21.29;-78.7;3.938;59.8;-107.754;33.3
2026-08-05T05:28:53.116;2026-08-04T23:28:53.116;31.5;1585747;1;21.26;-78.7;4.306;59.8;-107.471;33.3
2026-08-05T05:30:53.108;2026-08-04T23:30:53.108;31.5;1534109;0;21.22;-78.7;4.674;59.8;-107.188;33.3
2026-08-05T05:32:53.154;2026-08-04T23:32:53.154;31.2;1476206;1;21.18;-78.7;5.043;59.8;-106.906;33.3
2026-08-05T05:34:53.105;2026-08-04T23:34:53.105;31.2;1421387;0;21.14;-78.8;5.412;59.8;-106.625;33.3
2026-08-05T05:36:53.095;2026-08-04T23:36:53.095;31.2;1406200;1;21.12;-78.8;5.782;59.7;-106.344;33.3
2026-08-05T05:38:53.094;2026-08-04T23:38:53.094;31.2;1375316;0;21.09;-78.8;6.152;59.7;-106.063;33.3
2026-08-05T05:40:53.093;2026-08-04T23:40:53.093;30.9;1332345;0;21.06;-78.8;6.522;59.7;-105.783;33.3
2026-08-05T05:42:53.129;2026-08-04T23:42:53.129;30.9;1314628;1;21.05;-78.8;6.894;59.7;-105.504;33.3
2026-08-05T05:44:53.112;2026-08-04T23:44:53.112;30.9;1286175;0;21.02;-78.8;7.265;59.7;-105.225;33.3
2026-08-05T05:46:53.114;2026-08-04T23:46:53.114;30.6;1267061;0;21.00;-78.9;7.638;59.7;-104.946;33.3
2026-08-05T05:48:53.106;2026-08-04T23:48:53.106;30.6;1228102;1;20.97;-78.9;8.010;59.6;-104.668;33.3
2026-08-05T05:50:53.105;2026-08-04T23:50:53.105;30.6;1202172;0;20.95;-78.9;8.383;59.6;-104.390;33.3
2026-08-05T05:52:53.114;2026-08-04T23:52:53.114;30.2;1185784;0;20.93;-78.9;8.757;59.6;-104.113;33.3
2026-08-05T05:54:53.109;2026-08-04T23:54:53.109;30.2;1161542;1;20.91;-78.9;9.131;59.6;-103.836;33.3
2026-08-05T05:56:53.099;2026-08-04T23:56:53.099;30.2;1138564;1;20.89;-78.9;9.505;59.6;-103.559;33.3
2026-08-05T05:58:53.110;2026-08-04T23:58:53.110;30.2;1110736;1;20.86;-79.0;9.880;59.6;-103.283;33.3
2026-08-05T06:00:53.094;2026-08-05T00:00:53.094;29.9;1099635;1;20.85;-79.0;10.255;59.6;-103.007;33.3
2026-08-05T06:02:53.100;2026-08-05T00:02:53.100;29.9;1082272;1;20.84;-79.0;10.631;59.5;-102.731;33.3
2026-08-05T06:04:53.128;2026-08-05T00:04:53.128;29.9;1050670;1;20.80;-79.0;11.007;59.5;-102.456;33.3
2026-08-05T06:06:53.115;2026-08-05T00:06:53.115;29.9;1032475;0;20.78;-79.0;11.383;59.5;-102.181;33.3
2026-08-05T06:08:53.101;2026-08-05T00:08:53.101;29.6;1020883;1;20.76;-79.1;11.760;59.5;-101.905;33.3
2026-08-05T06:10:53.099;2026-08-05T00:10:53.099;29.6;1001423;1;20.74;-79.1;12.137;59.5;-101.631;33.3
2026-08-05T06:12:53.109;2026-08-05T00:12:53.109;29.6;977387;0;20.72;-79.1;12.515;59.5;-101.356;33.3
2026-08-05T06:14:53.116;2026-08-05T00:14:53.116;29.6;965067;0;20.70;-79.1;12.893;59.5;-101.081;33.3
2026-08-05T06:16:53.117;2026-08-05T00:16:53.117;29.6;944128;0;20.68;-79.1;13.271;59.4;-100.807;33.3
2026-08-05T06:18:53.132;2026-08-05T00:18:53.132;29.6;923863;0;20.65;-79.1;13.649;59.4;-100.532;33.3
2026-08-05T06:20:53.103;2026-08-05T00:20:53.103;29.3;916946;1;20.65;-79.2;14.028;59.4;-100.258;33.3
2026-08-05T06:22:53.114;2026-08-05T00:22:53.114;29.3;898749;1;20.62;-79.2;14.407;59.4;-99.984;33.3
2026-08-05T06:24:53.096;2026-08-05T00:24:53.096;29.3;894537;1;20.62;-79.2;14.787;59.4;-99.709;33.3
2026-08-05T06:26:53.121;2026-08-05T00:26:53.121;29.3;881172;0;20.60;-79.2;15.167;59.4;-99.435;33.3
2026-08-05T06:28:53.105;2026-08-05T00:28:53.105;29.3;875666;0;20.59;-79.2;15.547;59.3;-99.161;33.3
2026-08-05T06:30:53.097;2026-08-05T00:30:53.097;29.3;851695;0;20.56;-79.2;15.927;59.3;-98.887;33.3
2026-08-05T06:32:53.124;2026-08-05T00:32:53.124;29.3;836106;1;20.55;-79.3;16.308;59.3;-98.612;33.3
2026-08-05T06:34:53.111;2026-08-05T00:34:53.111;29.0;848002;1;20.56;-79.3;16.688;59.3;-98.338;33.3
2026-08-05T06:36:53.128;2026-08-05T00:36:53.128;29.0;830589;1;20.54;-79.3;17.070;59.3;-98.063;33.3
2026-08-05T06:38:53.105;2026-08-05T00:38:53.105;29.0;824639;1;20.53;-79.3;17.451;59.3;-97.788;33.3
2026-08-05T06:40:53.122;2026-08-05T00:40:53.122;29.0;809592;1;20.51;-79.3;17.833;59.3;-97.513;33.3
2026-08-05T06:42:53.100;2026-08-05T00:42:53.100;29.0;84573;6;18.05;-79.4;18.214;59.2;-97.238;33.3
2026-08-05T06:44:53.116;2026-08-05T00:44:53.116;29.0;791174;0;20.49;-79.4;18.596;59.2;-96.963;33.3
2026-08-05T06:46:53.110;2026-08-05T00:46:53.110;28.6;789091;0;20.48;-79.4;18.979;59.2;-96.687;33.3
2026-08-05T06:48:53.107;2026-08-05T00:48:53.107;28.6;778944;1;20.47;-79.4;19.361;59.2;-96.411;33.3
2026-08-05T06:50:53.119;2026-08-05T00:50:53.119;28.6;769241;1;20.45;-79.4;19.744;59.2;-96.135;33.3
2026-08-05T06:52:53.095;2026-08-05T00:52:53.095;28.6;768947;1;20.45;-79.4;20.127;59.2;-95.858;33.3
2026-08-05T06:54:53.090;2026-08-05T00:54:53.090;28.6;767231;1;20.45;-79.5;20.510;59.1;-95.581;33.3
2026-08-05T06:56:53.115;2026-08-05T00:56:53.115;28.6;768194;1;20.45;-79.5;20.893;59.1;-95.304;33.3
2026-08-05T06:58:53.132;2026-08-05T00:58:53.132;28.6;768251;0;20.45;-79.5;21.277;59.1;-95.026;33.3
2026-08-05T07:00:53.129;2026-08-05T01:00:53.129;28.3;757031;1;20.44;-79.5;21.660;59.1;-94.748;33.3
2026-08-05T07:02:53.118;2026-08-05T01:02:53.118;28.3;750354;0;20.43;-79.5;22.044;59.1;-94.470;33.3
2026-08-05T07:04:53.106;2026-08-05T01:04:53.106;28.3;707027;0;20.36;-79.5;22.428;59.1;-94.191;33.3
2026-08-05T07:06:53.110;2026-08-05T01:06:53.110;28.3;690623;1;20.33;-79.6;22.812;59.1;-93.911;33.3
2026-08-05T07:08:53.139;2026-08-05T01:08:53.139;28.3;690249;0;20.33;-79.6;23.196;59.0;-93.631;33.3
2026-08-05T07:10:53.101;2026-08-05T01:10:53.101;28.3;667384;1;20.29;-79.6;23.580;59.0;-93.350;33.3
2026-08-05T07:12:53.101;2026-08-05T01:12:53.101;28.3;670214;1;20.30;-79.6;23.964;59.0;-93.069;33.3
2026-08-05T07:14:53.107;2026-08-05T01:14:53.107;28.3;672284;1;20.31;-79.6;24.349;59.0;-92.787;33.3
2026-08-05T07:16:53.098;2026-08-05T01:16:53.098;28.3;681766;0;20.32;-79.7;24.733;59.0;-92.504;33.3
2026-08-05T07:18:53.094;2026-08-05T01:18:53.094;28.3;671103;0;20.30;-79.7;25.118;59.0;-92.220;33.3
2026-08-05T07:20:53.105;2026-08-05T01:20:53.105;28.3;667050;1;20.29;-79.7;25.502;59.0;-91.936;33.3
2026-08-05T07:22:53.116;2026-08-05T01:22:53.116;28.3;670117;1;20.30;-79.7;25.887;58.9;-91.651;33.3
2026-08-05T07:24:53.121;2026-08-05T01:24:53.121;28.3;669025;0;20.30;-79.7;26.272;58.9;-91.366;33.3
2026-08-05T07:26:53.123;2026-08-05T01:26:53.123;28.0;660749;1;20.29;-79.7;26.656;58.9;-91.079;33.3
2026-08-05T07:28:53.104;2026-08-05T01:28:53.104;28.0;654758;1;20.27;-79.8;27.041;58.9;-90.792;33.3
2026-08-05T07:30:53.121;2026-08-05T01:30:53.121;28.0;647195;0;20.27;-79.8;27.426;58.9;-90.503;33.3
2026-08-05T07:32:53.096;2026-08-05T01:32:53.096;28.0;635686;0;20.25;-79.8;27.811;58.9;-90.214;33.3
2026-08-05T07:34:53.116;2026-08-05T01:34:53.116;28.0;637511;1;20.25;-79.8;28.196;58.8;-89.924;33.3
2026-08-05T07:36:53.104;2026-08-05T01:36:53.104;28.0;634542;0;20.24;-79.8;28.581;58.8;-89.632;33.3
2026-08-05T07:38:53.103;2026-08-05T01:38:53.103;28.0;622106;0;20.22;-79.8;28.966;58.8;-89.340;33.3
2026-08-05T07:40:53.134;2026-08-05T01:40:53.134;28.0;610478;1;20.20;-79.9;29.350;58.8;-89.047;33.3
2026-08-05T07:42:53.109;2026-08-05T01:42:53.109;28.0;603765;0;20.19;-79.9;29.735;58.8;-88.752;33.3
2026-08-05T07:44:53.099;2026-08-05T01:44:53.099;28.0;602758;1;20.19;-79.9;30.120;58.8;-88.456;33.3
2026-08-05T07:46:53.116;2026-08-05T01:46:53.116;28.0;603012;1;20.19;-79.9;30.505;58.8;-88.159;33.3
2026-08-05T07:48:53.113;2026-08-05T01:48:53.113;28.0;598013;1;20.17;-79.9;30.889;58.7;-87.861;33.3
2026-08-05T07:50:53.098;2026-08-05T01:50:53.098;28.0;597271;1;20.17;-80.0;31.274;58.7;-87.562;33.3
2026-08-05T07:52:53.101;2026-08-05T01:52:53.101;28.3;593434;1;20.17;-80.0;31.658;58.7;-87.261;33.3
2026-08-05T07:54:53.120;2026-08-05T01:54:53.120;28.3;585589;1;20.15;-80.0;32.043;58.7;-86.959;33.3
2026-08-05T07:56:53.118;2026-08-05T01:56:53.118;28.3;571314;0;20.13;-80.0;32.427;58.7;-86.655;33.3
2026-08-05T07:58:53.110;2026-08-05T01:58:53.110;28.3;549050;0;20.09;-80.0;32.811;58.7;-86.350;33.3
2026-08-05T08:00:53.115;2026-08-05T02:00:53.115;28.3;528310;1;20.04;-80.0;33.195;58.6;-86.044;33.3
2026-08-05T08:02:53.125;2026-08-05T02:02:53.125;28.3;534788;1;20.05;-80.1;33.579;58.6;-85.735;33.3
2026-08-05T08:04:53.118;2026-08-05T02:04:53.118;28.3;530906;0;20.05;-80.1;33.962;58.6;-85.426;33.3
2026-08-05T08:06:53.112;2026-08-05T02:06:53.112;28.3;528222;1;20.04;-80.1;34.346;58.6;-85.114;33.3
2026-08-05T08:08:53.093;2026-08-05T02:08:53.093;28.3;529964;1;20.05;-80.1;34.729;58.6;-84.801;33.3
2026-08-05T08:10:53.110;2026-08-05T02:10:53.110;28.3;519545;1;20.03;-80.1;35.113;58.6;-84.486;33.3
2026-08-05T08:12:53.136;2026-08-05T02:12:53.136;28.3;510949;1;20.01;-80.1;35.496;58.6;-84.170;33.3
2026-08-05T08:14:53.099;2026-08-05T02:14:53.099;28.3;512835;1;20.01;-80.2;35.878;58.5;-83.851;33.3
2026-08-05T08:16:53.106;2026-08-05T02:16:53.106;28.3;507059;0;20.00;-80.2;36.261;58.5;-83.531;33.3
2026-08-05T08:18:53.102;2026-08-05T02:18:53.102;28.3;494434;1;19.97;-80.2;36.643;58.5;-83.209;33.3
2026-08-05T08:20:53.103;2026-08-05T02:20:53.103;28.3;487733;1;19.96;-80.2;37.025;58.5;-82.884;33.3
2026-08-05T08:22:53.105;2026-08-05T02:22:53.105;28.3;485780;1;19.95;-80.2;37.407;58.5;-82.558;33.3
2026-08-05T08:24:53.121;2026-08-05T02:24:53.121;28.3;491505;1;19.96;-80.3;37.789;58.5;-82.229;33.3
2026-08-05T08:26:53.115;2026-08-05T02:26:53.115;28.3;501975;0;19.99;-80.3;38.170;58.4;-81.898;33.3
2026-08-05T08:28:53.113;2026-08-05T02:28:53.113;28.3;501949;0;19.99;-80.3;38.551;58.4;-81.565;33.3
2026-08-05T08:30:53.093;2026-08-05T02:30:53.093;28.3;503910;1;20.00;-80.3;38.931;58.4;-81.230;33.3
2026-08-05T08:32:53.118;2026-08-05T02:32:53.118;28.3;489565;1;19.96;-80.3;39.312;58.4;-80.892;33.3
2026-08-05T08:34:53.140;2026-08-05T02:34:53.140;28.3;488576;1;19.96;-80.3;39.692;58.4;-80.552;33.3
2026-08-05T08:36:53.093;2026-08-05T02:36:53.093;28.3;480019;1;19.94;-80.4;40.071;58.4;-80.209;33.3
2026-08-05T08:38:53.109;2026-08-05T02:38:53.109;28.3;481989;1;19.95;-80.4;40.450;58.4;-79.864;33.3
2026-08-05T08:40:53.107;2026-08-05T02:40:53.107;28.3;497450;1;19.98;-80.4;40.829;58.3;-79.516;33.3
2026-08-05T08:42:53.118;2026-08-05T02:42:53.118;28.3;472527;1;19.92;-80.4;41.207;58.3;-79.165;33.3
2026-08-05T08:44:53.109;2026-08-05T02:44:53.109;28.3;470604;1;19.92;-80.4;41.585;58.3;-78.812;33.3
2026-08-05T08:46:53.112;2026-08-05T02:46:53.112;28.6;473477;0;19.93;-80.4;41.963;58.3;-78.455;33.3
2026-08-05T08:48:53.101;2026-08-05T02:48:53.101;28.6;473463;1;19.93;-80.5;42.340;58.3;-78.096;33.3
2026-08-05T08:50:53.103;2026-08-05T02:50:53.103;28.6;477344;1;19.94;-80.5;42.716;58.3;-77.733;33.3
2026-08-05T08:52:53.118;2026-08-05T02:52:53.118;28.6;473264;1;19.93;-80.5;43.092;58.3;-77.368;33.3
2026-08-05T08:54:53.123;2026-08-05T02:54:53.123;29.0;471315;1;19.92;-80.5;43.468;58.2;-76.999;33.3
2026-08-05T08:56:53.106;2026-08-05T02:56:53.106;29.0;470424;1;19.91;-80.5;43.843;58.2;-76.627;33.3
2026-08-05T08:58:53.100;2026-08-05T02:58:53.100;29.0;485687;1;19.95;-80.6;44.217;58.2;-76.252;33.3
2026-08-05T09:00:53.111;2026-08-05T03:00:53.111;29.3;498375;1;19.98;-80.6;44.591;58.2;-75.873;33.3
2026-08-05T09:02:53.116;2026-08-05T03:02:53.116;29.3;502143;1;19.98;-80.6;44.964;58.2;-75.490;33.3
2026-08-05T09:04:53.133;2026-08-05T03:04:53.133;29.3;484016;1;19.95;-80.6;45.337;58.2;-75.104;33.3
2026-08-05T09:06:53.124;2026-08-05T03:06:53.124;29.6;493597;1;19.97;-80.6;45.708;58.1;-74.714;33.3
2026-08-05T09:08:53.106;2026-08-05T03:08:53.106;29.6;481887;1;19.94;-80.6;46.080;58.1;-74.320;33.3
2026-08-05T09:10:53.131;2026-08-05T03:10:53.131;29.6;463878;1;19.90;-80.7;46.450;58.1;-73.922;33.3
2026-08-05T09:12:53.113;2026-08-05T03:12:53.113;29.6;439681;1;19.84;-80.7;46.820;58.1;-73.520;33.3
2026-08-05T09:14:53.105;2026-08-05T03:14:53.105;29.9;415614;2;19.78;-80.7;47.189;58.1;-73.114;33.3
2026-08-05T09:16:53.110;2026-08-05T03:16:53.110;29.9;423319;1;19.80;-80.7;47.557;58.1;-72.704;33.3
2026-08-05T09:18:53.108;2026-08-05T03:18:53.108;29.9;388838;2;19.71;-80.7;47.925;58.1;-72.289;33.3
2026-08-05T09:20:53.114;2026-08-05T03:20:53.114;29.9;400435;1;19.74;-80.7;48.291;58.0;-71.870;33.3
2026-08-05T09:22:53.106;2026-08-05T03:22:53.106;29.9;386843;1;19.70;-80.8;48.657;58.0;-71.446;33.3
2026-08-05T09:24:53.120;2026-08-05T03:24:53.120;29.9;383079;1;19.70;-80.8;49.022;58.0;-71.017;33.3
2026-08-05T09:26:53.111;2026-08-05T03:26:53.111;29.9;388893;2;19.71;-80.8;49.386;58.0;-70.584;33.3
2026-08-05T09:28:53.127;2026-08-05T03:28:53.127;29.9;366791;2;19.65;-80.8;49.749;58.0;-70.145;33.3
2026-08-05T09:30:53.099;2026-08-05T03:30:53.099;29.9;361922;1;19.63;-80.8;50.111;58.0;-69.701;33.3
2026-08-05T09:32:53.107;2026-08-05T03:32:53.107;29.9;358104;1;19.62;-80.9;50.472;57.9;-69.252;33.3
2026-08-05T09:34:53.116;2026-08-05T03:34:53.116;29.9;348594;1;19.59;-80.9;50.832;57.9;-68.797;33.3
2026-08-05T09:36:53.124;2026-08-05T03:36:53.124;29.9;336945;2;19.55;-80.9;51.191;57.9;-68.337;33.3
2026-08-05T09:38:53.124;2026-08-05T03:38:53.124;29.9;325584;2;19.51;-80.9;51.549;57.9;-67.871;33.3
2026-08-05T09:40:53.098;2026-08-05T03:40:53.098;29.9;325616;1;19.51;-80.9;51.906;57.9;-67.399;33.3
2026-08-05T09:42:53.104;2026-08-05T03:42:53.104;29.9;303418;2;19.44;-80.9;52.261;57.9;-66.921;33.3
2026-08-05T09:44:53.102;2026-08-05T03:44:53.102;29.9;292826;1;19.40;-81.0;52.615;57.9;-66.437;33.3
2026-08-05T09:46:53.098;2026-08-05T03:46:53.098;29.9;281233;1;19.36;-81.0;52.968;57.8;-65.946;33.3
2026-08-05T09:48:53.092;2026-08-05T03:48:53.092;29.9;270707;2;19.32;-81.0;53.320;57.8;-65.449;33.3
2026-08-05T09:50:53.094;2026-08-05T03:50:53.094;29.9;257272;2;19.26;-81.0;53.670;57.8;-64.945;33.3
2026-08-05T09:52:53.103;2026-08-05T03:52:53.103;29.9;257181;1;19.26;-81.0;54.019;57.8;-64.435;33.3
2026-08-05T09:54:53.115;2026-08-05T03:54:53.115;29.6;239072;2;19.18;-81.0;54.367;57.8;-63.917;33.3
2026-08-05T09:56:53.097;2026-08-05T03:56:53.097;29.6;227444;2;19.12;-81.1;54.712;57.8;-63.392;33.3
2026-08-05T09:58:53.112;2026-08-05T03:58:53.112;29.6;216926;2;19.07;-81.1;55.057;57.7;-62.859;33.3
2026-08-05T10:00:53.135;2026-08-05T04:00:53.135;29.6;207408;2;19.02;-81.1;55.400;57.7;-62.319;33.3
2026-08-05T10:02:53.100;2026-08-05T04:02:53.100;29.6;197908;2;18.97;-81.1;55.741;57.7;-61.771;33.3
2026-08-05T10:04:53.109;2026-08-05T04:04:53.109;29.6;192078;2;18.94;-81.1;56.080;57.7;-61.214;33.3
2026-08-05T10:06:53.105;2026-08-05T04:06:53.105;29.6;185379;3;18.90;-81.2;56.418;57.7;-60.650;33.3
2026-08-05T10:08:53.115;2026-08-05T04:08:53.115;29.6;176713;2;18.85;-81.2;56.754;57.7;-60.077;33.3
2026-08-05T10:10:53.142;2026-08-05T04:10:53.142;29.6;160313;3;18.74;-81.2;57.088;57.7;-59.495;33.3
2026-08-05T10:12:53.109;2026-08-05T04:12:53.109;29.6;134423;3;18.55;-81.2;57.420;57.6;-58.904;33.3
2026-08-05T10:14:53.132;2026-08-05T04:14:53.132;29.6;116039;4;18.39;-81.2;57.750;57.6;-58.304;33.3
2026-08-05T10:16:53.116;2026-08-05T04:16:53.116;29.6;100764;5;18.23;-81.2;58.077;57.6;-57.695;33.3
2026-08-05T10:18:53.126;2026-08-05T04:18:53.126;29.3;86471;5;18.07;-81.3;58.403;57.6;-57.076;33.3
2026-08-05T10:20:53.108;2026-08-05T04:20:53.108;29.3;77705;6;17.95;-81.3;58.727;57.6;-56.447;33.3
2026-08-05T10:22:53.103;2026-08-05T04:22:53.103;29.3;69293;7;17.83;-81.3;59.048;57.6;-55.808;33.3
2026-08-05T10:24:53.110;2026-08-05T04:24:53.110;29.3;62514;8;17.72;-81.3;59.367;57.6;-55.158;33.3
2026-08-05T10:26:53.121;2026-08-05T04:26:53.121;29.3;56765;8;17.61;-81.3;59.683;57.5;-54.498;33.3
2026-08-05T10:28:53.114;2026-08-05T04:28:53.114;29.3;52748;8;17.54;-81.4;59.997;57.5;-53.827;33.3
2026-08-05T10:30:53.092;2026-08-05T04:30:53.092;29.0;48890;10;17.45;-81.4;60.308;57.5;-53.145;33.3
2026-08-05T10:32:53.133;2026-08-05T04:32:53.133;29.0;45120;10;17.37;-81.4;60.617;57.5;-52.451;33.3
2026-08-05T10:34:53.109;2026-08-05T04:34:53.109;29.0;42238;11;17.29;-81.4;60.923;57.5;-51.746;33.3
2026-08-05T10:36:53.108;2026-08-05T04:36:53.108;29.0;40207;12;17.24;-81.4;61.226;57.5;-51.028;33.3
2026-08-05T10:38:53.123;2026-08-05T04:38:53.123;28.6;37515;13;17.16;-81.4;61.525;57.4;-50.299;33.3
2026-08-05T10:40:53.127;2026-08-05T04:40:53.127;28.6;100846;11;18.23;-81.5;61.822;57.4;-49.557;33.3
2026-08-05T10:42:53.124;2026-08-05T04:42:53.124;28.6;32820;14;17.02;-81.5;62.116;57.4;-48.802;33.3
2026-08-05T10:44:53.113;2026-08-05T04:44:53.113;28.6;31477;15;16.97;-81.5;62.406;57.4;-48.034;33.3
2026-08-05T10:46:53.104;2026-08-05T04:46:53.104;28.6;29685;16;16.91;-81.5;62.693;57.4;-47.253;33.3
2026-08-05T10:48:53.093;2026-08-05T04:48:53.093;28.6;28010;16;16.84;-81.5;62.977;57.4;-46.458;33.3
2026-08-05T10:50:53.098;2026-08-05T04:50:53.098;28.6;26907;17;16.80;-81.5;63.256;57.4;-45.649;33.3
2026-08-05T10:52:53.105;2026-08-05T04:52:53.105;28.6;25294;18;16.74;-81.6;63.532;57.3;-44.826;33.3
2026-08-05T10:54:53.103;2026-08-05T04:54:53.103;28.6;24672;19;16.71;-81.6;63.805;57.3;-43.989;33.3
2026-08-05T10:56:53.096;2026-08-05T04:56:53.096;28.6;23731;20;16.67;-81.6;64.073;57.3;-43.138;33.3
2026-08-05T10:58:53.095;2026-08-05T04:58:53.095;28.3;22735;20;16.62;-81.6;64.337;57.3;-42.271;33.3
2026-08-05T11:00:53.117;2026-08-05T05:00:53.117;28.3;21297;22;16.55;-81.6;64.597;57.3;-41.389;33.3
2026-08-05T11:02:53.142;2026-08-05T05:02:53.142;28.3;20846;23;16.52;-81.7;64.852;57.3;-40.493;33.3
2026-08-05T11:04:53.154;2026-08-05T05:04:53.154;28.3;19560;23;16.45;-81.7;65.103;57.2;-39.580;33.3
2026-08-05T11:06:53.104;2026-08-05T05:06:53.104;28.0;18946;25;16.42;-81.7;65.349;57.2;-38.652;33.3
2026-08-05T11:08:53.113;2026-08-05T05:08:53.113;28.0;18086;26;16.37;-81.7;65.591;57.2;-37.709;33.3
2026-08-05T11:10:53.102;2026-08-05T05:10:53.102;28.0;17230;27;16.32;-81.7;65.827;57.2;-36.749;33.3
2026-08-05T11:12:53.113;2026-08-05T05:12:53.113;28.0;16319;28;16.26;-81.7;66.058;57.2;-35.773;33.3
2026-08-05T11:14:53.109;2026-08-05T05:14:53.109;27.7;15313;30;16.19;-81.8;66.284;57.2;-34.781;33.3
2026-08-05T11:16:53.112;2026-08-05T05:16:53.112;27.7;14355;33;16.12;-81.8;66.505;57.2;-33.772;33.3
2026-08-05T11:18:53.111;2026-08-05T05:18:53.111;27.7;13385;34;16.04;-81.8;66.720;57.1;-32.748;33.3
2026-08-05T11:20:53.103;2026-08-05T05:20:53.103;27.7;12282;38;15.95;-81.8;66.930;57.1;-31.707;33.3
2026-08-05T11:22:53.098;2026-08-05T05:22:53.098;27.7;11209;42;15.85;-81.8;67.133;57.1;-30.649;33.3
2026-08-05T11:24:53.090;2026-08-05T05:24:53.090;27.3;9709;47;15.69;-81.8;67.331;57.1;-29.575;33.3
2026-08-05T11:26:53.103;2026-08-05T05:26:53.103;27.3;8472;54;15.55;-81.9;67.522;57.1;-28.485;33.3
2026-08-05T11:28:53.099;2026-08-05T05:28:53.099;27.3;7045;66;15.35;-81.9;67.707;57.1;-27.379;33.3
2026-08-05T11:30:53.101;2026-08-05T05:30:53.101;27.3;5623;81;15.10;-81.9;67.885;57.0;-26.257;33.3
2026-08-05T11:32:53.104;2026-08-05T05:32:53.104;27.7;4373;107;14.83;-81.9;68.057;57.0;-25.119;33.3
2026-08-05T11:34:53.110;2026-08-05T05:34:53.110;27.7;0;145;14.49;-81.9;68.222;57.0;-23.966;33.3
2026-08-05T11:36:53.131;2026-08-05T05:36:53.131;27.7;0;205;14.11;-82.0;68.379;57.0;-22.798;33.3
2026-08-05T11:38:53.120;2026-08-05T05:38:53.120;27.7;0;298;13.71;-82.0;68.530;57.0;-21.614;33.3
2026-08-05T11:40:53.091;2026-08-05T05:40:53.091;27.7;0;441;13.28;-82.0;68.673;57.0;-20.417;33.3
2026-08-05T11:42:53.088;2026-08-05T05:42:53.088;27.7;0;655;12.86;-82.0;68.809;57.0;-19.205;33.3
2026-08-05T11:44:53.114;2026-08-05T05:44:53.114;27.7;0;987;12.41;-82.0;68.937;56.9;-17.979;33.3
2026-08-05T11:46:53.095;2026-08-05T05:46:53.095;27.7;0;1487;11.97;-82.0;69.058;56.9;-16.741;33.3
2026-08-05T11:48:53.113;2026-08-05T05:48:53.113;27.7;0;2233;11.53;-82.1;69.170;56.9;-15.491;33.3
2026-08-05T11:50:53.101;2026-08-05T05:50:53.101;27.7;0;3436;11.06;-82.1;69.275;56.9;-14.228;33.3
2026-08-05T11:52:53.117;2026-08-05T05:52:53.117;27.3;0;5286;10.59;-82.1;69.372;56.9;-12.955;33.3
2026-08-05T11:54:53.117;2026-08-05T05:54:53.117;27.3;0;8010;10.13;-82.1;69.460;56.9;-11.672;33.3
2026-08-05T11:56:53.116;2026-08-05T05:56:53.116;27.7;0;11919;9.70;-82.1;69.540;56.8;-10.379;33.3
2026-08-05T11:58:53.139;2026-08-05T05:58:53.139;27.7;0;17278;9.31;-82.1;69.611;56.8;-9.078;33.3
2026-08-05T12:00:53.129;2026-08-05T06:00:53.129;27.7;0;23919;8.95;-82.2;69.674;56.8;-7.769;33.3
2026-08-05T12:02:53.111;2026-08-05T06:02:53.111;27.7;0;31869;8.64;-82.2;69.728;56.8;-6.453;33.3
2026-08-05T12:04:53.115;2026-08-05T06:04:53.115;27.7;0;41942;8.34;-82.2;69.774;56.8;-5.131;33.3
2026-08-05T12:06:53.111;2026-08-05T06:06:53.111;27.7;0;53156;8.08;-82.2;69.810;56.8;-3.805;33.3
