# Light Pollution Monitoring Data Format 1.0
# URL: http://www.darksky.org/measurements
# Number of header lines: 37
# This data is released under the following license: ODbL 1.0 http://opendatacommons.org/licenses/odbl/summary/
# Device type: SQM-LE
# Instrument ID: Crestone
# Data supplier: 
# Location name: Crestone Colorado
# Position (lat, lon, elev(m)): 37.9979, -105.69884, 2452
# Local timezone: MST7MDT
# Time Synchronization: 
# Moving / Stationary position: STATIONARY
# Moving / Fixed look direction: FIXED
# Number of channels: 1
# Filters per channel: 
# Measurement direction per channel: 
# Field of view (degrees): 6
# Number of fields per line: 6
# SQM serial number: 6080
# SQM hardware identity: 0080A3F51677
# SQM firmware version: 4-3-79
# SQM cover offset value: 
# SQM readout test ix (Information): i,00000004,00000003,00000079,00006080
# SQM readout test rx (Reading): r, 08.39m,0000040049Hz,0000000000c,0000000.000s, 037.7C,D
# SQM readout test cx (Calibration): c,00000019.89m,0000238.774s, 024.1C,00000008.71m, 026.4C
# SQM readout test Ix (Report Interval): 0000000120s,0000000120s,00000018.00m,00000018.00m
# Comment: 
# Comment: 
# Comment: 
# Comment: 
# Comment: 
# UDM version: 1.0.0.352
# UDM setting: Logged continuously every 2 minutes,Threshold = 8 mpsas, Record limit = 1000.
# blank line
# UTC Date & Time, Local Date & Time, Temperature, Counts, Frequency, MSAS, MoonPhaseDeg, MoonElevDeg, MoonIllum, MoonAzimuth, Humidity
# YYYY-MM-DDTHH:mm:ss.fff;YYYY-MM-DDTHH:mm:ss.fff;Celsius;number;Hz;mag/arcsec^2;Degrees;Degrees;Percent;Degrees;Percent
# END OF HEADER
2026-08-17T01:55:43.675;2026-08-16T19:55:43.675;37.7;0;40049;8.39;124.5;20.584;21.7;55.936;33.3
2026-08-17T01:57:43.097;2026-08-16T19:57:43.097;37.3;0;25565;8.88;124.5;20.261;21.7;56.308;33.3
2026-08-17T01:59:43.114;2026-08-16T19:59:43.114;37.3;0;16110;9.38;124.5;19.936;21.7;56.678;33.3
2026-08-17T02:01:43.123;2026-08-16T20:01:43.123;37.3;0;9576;9.95;124.5;19.610;21.7;57.047;33.3
2026-08-17T02:03:43.109;2026-08-16T20:03:43.109;37.0;0;6210;10.41;124.4;19.283;21.7;57.413;33.3
2026-08-17T02:05:43.133;2026-08-16T20:05:43.133;37.0;0;5145;10.62;124.4;18.955;21.7;57.777;33.3
2026-08-17T02:07:43.113;2026-08-16T20:07:43.113;37.0;0;3734;10.96;124.4;18.625;21.7;58.139;33.3
2026-08-17T02:09:43.103;2026-08-16T20:09:43.103;36.7;0;2235;11.53;124.4;18.294;21.8;58.498;33.3
2026-08-17T02:11:43.116;2026-08-16T20:11:43.116;36.7;0;1410;12.02;124.4;17.962;21.8;58.856;33.3
2026-08-17T02:13:43.125;2026-08-16T20:13:43.125;36.7;0;812;12.62;124.4;17.629;21.8;59.213;33.3
2026-08-17T02:15:43.109;2026-08-16T20:15:43.109;36.7;0;461;13.24;124.3;17.294;21.8;59.567;33.3
2026-08-17T02:17:43.117;2026-08-16T20:17:43.117;36.4;0;330;13.60;124.3;16.959;21.8;59.919;33.3
2026-08-17T02:19:43.128;2026-08-16T20:19:43.128;36.4;0;224;14.01;124.3;16.622;21.8;60.269;33.3
2026-08-17T02:21:43.107;2026-08-16T20:21:43.107;36.4;0;136;14.56;124.3;16.284;21.8;60.618;33.3
2026-08-17T02:23:43.143;2026-08-16T20:23:43.143;36.4;4753;97;14.92;124.3;15.944;21.8;60.965;33.3
2026-08-17T02:25:43.158;2026-08-16T20:25:43.158;36.4;6149;73;15.20;124.3;15.604;21.8;61.310;33.3
2026-08-17T02:27:43.130;2026-08-16T20:27:43.130;36.4;9620;48;15.69;124.2;15.263;21.9;61.653;33.3
2026-08-17T02:29:43.110;2026-08-16T20:29:43.110;36.0;13440;35;16.05;124.2;14.921;21.9;61.994;33.3
2026-08-17T02:31:43.101;2026-08-16T20:31:43.101;36.0;18968;25;16.42;124.2;14.577;21.9;62.334;33.3
2026-08-17T02:33:43.104;2026-08-16T20:33:43.104;36.0;28712;16;16.88;124.2;14.233;21.9;62.672;33.3
2026-08-17T02:35:43.093;2026-08-16T20:35:43.093;36.0;42268;11;17.29;124.2;13.887;21.9;63.009;33.3
2026-08-17T02:37:43.126;2026-08-16T20:37:43.126;36.0;65341;7;17.77;124.2;13.541;21.9;63.344;33.3
2026-08-17T02:39:43.103;2026-08-16T20:39:43.103;36.0;97866;4;18.21;124.1;13.193;21.9;63.677;33.3
2026-08-17T02:41:43.111;2026-08-16T20:41:43.111;36.0;144003;4;18.63;124.1;12.845;21.9;64.009;33.3
2026-08-17T02:43:43.094;2026-08-16T20:43:43.094;35.7;193945;2;18.96;124.1;12.495;22.0;64.339;33.3
2026-08-17T02:45:43.139;2026-08-16T20:45:43.139;35.7;235094;2;19.16;124.1;12.145;22.0;64.668;33.3
2026-08-17T02:47:43.135;2026-08-16T20:47:43.135;35.7;265848;2;19.29;124.1;11.794;22.0;64.995;33.3
2026-08-17T02:49:43.115;2026-08-16T20:49:43.115;35.7;336830;2;19.55;124.1;11.442;22.0;65.321;33.3
2026-08-17T02:51:43.106;2026-08-16T20:51:43.106;35.7;465538;1;19.91;124.1;11.089;22.0;65.645;33.3
2026-08-17T02:53:43.097;2026-08-16T20:53:43.097;35.4;640271;1;20.26;124.0;10.735;22.0;65.968;33.3
2026-08-17T02:55:43.110;2026-08-16T20:55:43.110;35.4;877307;1;20.61;124.0;10.380;22.0;66.290;33.3
2026-08-17T02:57:43.140;2026-08-16T20:57:43.140;35.4;1065584;1;20.82;124.0;10.025;22.0;66.610;33.3
2026-08-17T02:59:43.111;2026-08-16T20:59:43.111;35.4;1328745;1;21.06;124.0;9.668;22.1;66.929;33.3
2026-08-17T03:01:43.125;2026-08-16T21:01:43.125;35.4;1455896;0;21.17;124.0;9.311;22.1;67.247;33.3
2026-08-17T03:03:43.106;2026-08-16T21:03:43.106;35.4;1490988;0;21.20;124.0;8.953;22.1;67.563;33.3
2026-08-17T03:05:43.111;2026-08-16T21:05:43.111;35.4;1710121;0;21.35;123.9;8.594;22.1;67.878;33.3
2026-08-17T03:07:43.105;2026-08-16T21:07:43.105;35.4;1945570;0;21.49;123.9;8.234;22.1;68.192;33.3
2026-08-17T03:09:43.125;2026-08-16T21:09:43.125;35.4;1976542;1;21.51;123.9;7.874;22.1;68.505;33.3
2026-08-17T03:11:43.098;2026-08-16T21:11:43.098;35.4;2101764;0;21.58;123.9;7.513;22.1;68.816;33.3
2026-08-17T03:13:43.121;2026-08-16T21:13:43.121;35.4;2166079;0;21.61;123.9;7.151;22.1;69.127;33.3
2026-08-17T03:15:43.102;2026-08-16T21:15:43.102;35.4;2274608;0;21.66;123.9;6.789;22.1;69.436;33.3
2026-08-17T03:17:43.098;2026-08-16T21:17:43.098;35.4;2267530;0;21.66;123.8;6.425;22.2;69.744;33.3
2026-08-17T03:19:43.142;2026-08-16T21:19:43.142;35.4;2374258;0;21.71;123.8;6.061;22.2;70.051;33.3
2026-08-17T03:21:43.109;2026-08-16T21:21:43.109;35.1;2529928;0;21.78;123.8;5.697;22.2;70.357;33.3
2026-08-17T03:23:43.122;2026-08-16T21:23:43.122;35.1;2467291;0;21.76;123.8;5.331;22.2;70.662;33.3
2026-08-17T03:25:43.117;2026-08-16T21:25:43.117;35.1;2318384;0;21.68;123.8;4.965;22.2;70.966;33.3
2026-08-17T03:27:43.122;2026-08-16T21:27:43.122;35.1;2384340;1;21.71;123.8;4.599;22.2;71.269;33.3
2026-08-17T03:29:43.154;2026-08-16T21:29:43.154;35.1;2528448;0;21.78;123.7;4.231;22.2;71.571;33.3
2026-08-17T03:31:43.100;2026-08-16T21:31:43.100;35.1;2525036;1;21.78;123.7;3.863;22.2;71.872;33.3
2026-08-17T03:33:43.093;2026-08-16T21:33:43.093;34.8;2639609;0;21.83;123.7;3.495;22.3;72.172;33.3
2026-08-17T03:35:43.109;2026-08-16T21:35:43.109;34.8;2794099;0;21.90;123.7;3.126;22.3;72.472;33.3
2026-08-17T03:37:43.096;2026-08-16T21:37:43.096;34.8;2726676;0;21.87;123.7;2.756;22.3;72.770;33.3
2026-08-17T03:39:43.122;2026-08-16T21:39:43.122;34.8;2831429;0;21.91;123.7;2.386;22.3;73.068;33.3
2026-08-17T03:41:43.110;2026-08-16T21:41:43.110;34.8;2842626;1;21.92;123.6;2.015;22.3;73.365;33.3
2026-08-17T03:43:43.110;2026-08-16T21:43:43.110;34.4;2914579;0;21.95;123.6;1.644;22.3;73.661;33.3
2026-08-17T03:45:43.099;2026-08-16T21:45:43.099;34.4;2880254;0;21.93;123.6;1.272;22.3;73.956;33.3
2026-08-17T03:47:43.098;2026-08-16T21:47:43.098;34.4;2780257;0;21.89;123.6;0.899;22.3;74.251;33.3
2026-08-17T03:49:43.128;2026-08-16T21:49:43.128;34.4;2927601;1;21.96;123.6;0.526;22.4;74.545;33.3
2026-08-17T03:51:43.105;2026-08-16T21:51:43.105;34.4;3238942;0;22.07;123.6;0.153;22.4;74.838;33.3
2026-08-17T03:53:43.113;2026-08-16T21:53:43.113;34.1;3385238;0;22.11;123.5;-0.221;22.4;75.130;33.3
2026-08-17T03:55:43.103;2026-08-16T21:55:43.103;34.1;3300550;0;22.08;123.5;-0.596;22.4;75.422;33.3
2026-08-17T03:57:43.102;2026-08-16T21:57:43.102;34.1;3271365;0;22.07;123.5;-0.971;22.4;75.713;33.3
2026-08-17T03:59:43.093;2026-08-16T21:59:43.093;34.1;3156022;0;22.04;123.5;-1.346;22.4;76.004;33.3
2026-08-17T04:01:43.100;2026-08-16T22:01:43.100;34.1;3048628;0;22.00;123.5;-1.722;22.4;76.294;33.3
2026-08-17T04:03:43.121;2026-08-16T22:03:43.121;34.1;2987575;0;21.97;123.5;-2.098;22.4;76.584;33.3
2026-08-17T04:05:43.101;2026-08-16T22:05:43.101;34.1;3089655;0;22.01;123.4;-2.475;22.4;76.873;33.3
2026-08-17T04:07:43.111;2026-08-16T22:07:43.111;34.1;3195352;0;22.05;123.4;-2.852;22.5;77.161;33.3
2026-08-17T04:09:43.115;2026-08-16T22:09:43.115;34.1;3164158;0;22.04;123.4;-3.230;22.5;77.449;33.3
2026-08-17T04:11:43.142;2026-08-16T22:11:43.142;34.1;3139950;0;22.03;123.4;-3.608;22.5;77.737;33.3
2026-08-17T04:13:43.109;2026-08-16T22:13:43.109;34.1;3143409;0;22.03;123.4;-3.986;22.5;78.024;33.3
2026-08-17T04:15:43.095;2026-08-16T22:15:43.095;34.1;3355280;0;22.10;123.4;-4.365;22.5;78.311;33.3
2026-08-17T04:17:43.098;2026-08-16T22:17:43.098;34.1;3514890;0;22.16;123.3;-4.744;22.5;78.597;33.3
2026-08-17T04:19:43.117;2026-08-16T22:19:43.117;34.1;3472753;1;22.14;123.3;-5.124;22.5;78.883;33.3
2026-08-17T04:21:43.129;2026-08-16T22:21:43.129;34.1;3484185;0;22.15;123.3;-5.504;22.5;79.169;33.3
2026-08-17T04:23:43.104;2026-08-16T22:23:43.104;34.1;3700653;1;22.22;123.3;-5.884;22.6;79.454;33.3
2026-08-17T04:25:43.127;2026-08-16T22:25:43.127;34.1;4036732;0;22.32;123.3;-6.264;22.6;79.739;33.3
2026-08-17T04:27:43.109;2026-08-16T22:27:43.109;34.1;4387085;0;22.41;123.3;-6.645;22.6;80.024;33.3
2026-08-17T04:29:43.122;2026-08-16T22:29:43.122;34.1;4442972;0;22.42;123.2;-7.027;22.6;80.309;33.3
2026-08-17T04:31:43.116;2026-08-16T22:31:43.116;34.1;4637620;0;22.48;123.2;-7.408;22.6;80.593;33.3
2026-08-17T04:33:43.097;2026-08-16T22:33:43.097;34.1;4324502;1;22.39;123.2;-7.790;22.6;80.877;33.3
2026-08-17T04:35:43.108;2026-08-16T22:35:43.108;34.1;4308488;0;22.39;123.2;-8.172;22.6;81.161;33.3
2026-08-17T04:37:43.109;2026-08-16T22:37:43.109;34.1;4307758;1;22.39;123.2;-8.555;22.6;81.445;33.3
2026-08-17T04:39:43.104;2026-08-16T22:39:43.104;34.1;4340519;0;22.40;123.2;-8.937;22.7;81.729;33.3
2026-08-17T04:41:43.119;2026-08-16T22:41:43.119;34.1;4392653;0;22.42;123.1;-9.320;22.7;82.012;33.3
2026-08-17T04:43:43.129;2026-08-16T22:43:43.129;34.1;4025033;0;22.32;123.1;-9.704;22.7;82.296;33.3
2026-08-17T04:45:43.095;2026-08-16T22:45:43.095;34.1;4133314;0;22.35;123.1;-10.087;22.7;82.580;33.3
2026-08-17T04:47:43.115;2026-08-16T22:47:43.115;34.1;3416930;0;22.13;123.1;-10.471;22.7;82.863;33.3
2026-08-17T04:49:43.104;2026-08-16T22:49:43.104;34.1;2769664;0;21.89;123.1;-10.855;22.7;83.147;33.3
2026-08-17T04:51:43.126;2026-08-16T22:51:43.126;34.1;1946884;0;21.49;123.1;-11.239;22.7;83.430;33.3
2026-08-17T04:53:43.158;2026-08-16T22:53:43.158;34.1;2178783;0;21.61;123.0;-11.623;22.7;83.714;33.3
2026-08-17T04:55:43.117;2026-08-16T22:55:43.117;34.1;1588400;0;21.26;123.0;-12.008;22.7;83.998;33.3
2026-08-17T04:57:43.105;2026-08-16T22:57:43.105;34.1;264115;0;19.28;123.0;-12.393;22.8;84.281;33.3
2026-08-17T04:59:43.115;2026-08-16T22:59:43.115;34.1;2083213;0;21.56;123.0;-12.777;22.8;84.565;33.3
2026-08-17T05:01:43.095;2026-08-16T23:01:43.095;34.1;1796616;0;21.40;123.0;-13.163;22.8;84.850;33.3
2026-08-17T05:03:43.120;2026-08-16T23:03:43.120;34.1;2651096;0;21.83;123.0;-13.548;22.8;85.134;33.3
2026-08-17T05:05:43.099;2026-08-16T23:05:43.099;34.1;604876;1;20.19;122.9;-13.933;22.8;85.418;33.3
2026-08-17T05:07:43.093;2026-08-16T23:07:43.093;34.1;1245093;0;20.98;122.9;-14.319;22.8;85.703;33.3
2026-08-17T05:09:43.099;2026-08-16T23:09:43.099;34.1;1719308;0;21.34;122.9;-14.705;22.8;85.988;33.3
2026-08-17T05:11:43.099;2026-08-16T23:11:43.099;33.8;3737466;0;22.23;122.9;-15.091;22.8;86.273;33.3
2026-08-17T05:13:43.105;2026-08-16T23:13:43.105;33.8;2938470;0;21.96;122.9;-15.477;22.9;86.559;33.3
2026-08-17T05:15:43.115;2026-08-16T23:15:43.115;33.8;3060608;0;22.00;122.9;-15.863;22.9;86.845;33.3
2026-08-17T05:17:43.098;2026-08-16T23:17:43.098;33.8;4194739;0;22.37;122.8;-16.249;22.9;87.131;33.3
2026-08-17T05:19:43.103;2026-08-16T23:19:43.103;33.8;4714811;0;22.50;122.8;-16.635;22.9;87.418;33.3
2026-08-17T05:21:43.104;2026-08-16T23:21:43.104;33.8;4636191;0;22.48;122.8;-17.021;22.9;87.705;33.3
2026-08-17T05:23:43.098;2026-08-16T23:23:43.098;33.8;4952355;0;22.56;122.8;-17.408;22.9;87.993;33.3
2026-08-17T05:25:43.135;2026-08-16T23:25:43.135;33.8;4338999;0;22.40;122.8;-17.794;22.9;88.281;33.3
2026-08-17T05:27:43.112;2026-08-16T23:27:43.112;33.5;4859396;0;22.54;122.8;-18.181;22.9;88.570;33.3
2026-08-17T05:29:43.111;2026-08-16T23:29:43.111;33.5;4887452;0;22.54;122.7;-18.568;23.0;88.859;33.3
2026-08-17T05:31:43.114;2026-08-16T23:31:43.114;33.5;3663742;0;22.21;122.7;-18.954;23.0;89.149;33.3
2026-08-17T05:33:43.115;2026-08-16T23:33:43.115;33.5;4244027;0;22.37;122.7;-19.341;23.0;89.439;33.3
2026-08-17T05:35:43.132;2026-08-16T23:35:43.132;33.5;4288794;0;22.38;122.7;-19.728;23.0;89.730;33.3
2026-08-17T05:37:43.102;2026-08-16T23:37:43.102;33.1;4507325;1;22.44;122.7;-20.114;23.0;90.022;33.3
2026-08-17T05:39:43.139;2026-08-16T23:39:43.139;33.1;4195491;0;22.37;122.7;-20.501;23.0;90.314;33.3
2026-08-17T05:41:43.104;2026-08-16T23:41:43.104;33.1;3824158;0;22.26;122.6;-20.888;23.0;90.607;33.3
2026-08-17T05:43:43.106;2026-08-16T23:43:43.106;32.8;3800170;0;22.25;122.6;-21.274;23.0;90.901;33.3
2026-08-17T05:45:43.127;2026-08-16T23:45:43.127;32.8;3262156;0;22.07;122.6;-21.661;23.0;91.196;33.3
2026-08-17T05:47:43.104;2026-08-16T23:47:43.104;32.8;3008997;0;21.98;122.6;-22.048;23.1;91.492;33.3
2026-08-17T05:49:43.100;2026-08-16T23:49:43.100;32.5;2790009;0;21.90;122.6;-22.434;23.1;91.788;33.3
2026-08-17T05:51:43.125;2026-08-16T23:51:43.125;32.5;2702980;0;21.85;122.6;-22.821;23.1;92.085;33.3
2026-08-17T05:53:43.113;2026-08-16T23:53:43.113;32.5;2795779;1;21.90;122.6;-23.207;23.1;92.383;33.3
2026-08-17T05:55:43.105;2026-08-16T23:55:43.105;32.5;3275191;0;22.07;122.5;-23.593;23.1;92.682;33.3
2026-08-17T05:57:43.113;2026-08-16T23:57:43.113;32.5;3790232;0;22.25;122.5;-23.980;23.1;92.983;33.3
2026-08-17T05:59:43.122;2026-08-16T23:59:43.122;32.2;4036447;0;22.32;122.5;-24.366;23.1;93.284;33.3
2026-08-17T06:01:43.107;2026-08-17T00:01:43.107;32.2;3604835;0;22.19;122.5;-24.752;23.1;93.586;33.3
2026-08-17T06:03:43.091;2026-08-17T00:03:43.091;32.2;3699898;0;22.22;122.5;-25.138;23.2;93.889;33.3
2026-08-17T06:05:43.100;2026-08-17T00:05:43.100;32.2;3496073;1;22.15;122.5;-25.523;23.2;94.194;33.3
2026-08-17T06:07:43.133;2026-08-17T00:07:43.133;32.2;4288208;0;22.38;122.4;-25.909;23.2;94.500;33.3
2026-08-17T06:09:43.134;2026-08-17T00:09:43.134;32.2;3865119;0;22.27;122.4;-26.294;23.2;94.807;33.3
2026-08-17T06:11:43.112;2026-08-17T00:11:43.112;32.2;3527165;0;22.16;122.4;-26.680;23.2;95.115;33.3
2026-08-17T06:13:43.124;2026-08-17T00:13:43.124;32.2;3410928;0;22.13;122.4;-27.065;23.2;95.424;33.3
2026-08-17T06:15:43.098;2026-08-17T00:15:43.098;32.2;3416952;0;22.13;122.4;-27.450;23.2;95.735;33.3
2026-08-17T06:17:43.133;2026-08-17T00:17:43.133;32.2;3462443;0;22.14;122.4;-27.834;23.2;96.047;33.3
2026-08-17T06:19:43.123;2026-08-17T00:19:43.123;32.2;3462085;1;22.14;122.3;-28.219;23.3;96.361;33.3
2026-08-17T06:21:43.101;2026-08-17T00:21:43.101;32.2;3626975;0;22.20;122.3;-28.603;23.3;96.676;33.3
2026-08-17T06:23:43.102;2026-08-17T00:23:43.102;32.5;3571014;0;22.17;122.3;-28.987;23.3;96.992;33.3
2026-08-17T06:25:43.120;2026-08-17T00:25:43.120;32.2;3281972;0;22.08;122.3;-29.371;23.3;97.311;33.3
2026-08-17T06:27:43.098;2026-08-17T00:27:43.098;32.5;3073526;0;22.01;122.3;-29.754;23.3;97.630;33.3
2026-08-17T06:29:43.112;2026-08-17T00:29:43.112;32.5;3039999;0;21.99;122.3;-30.138;23.3;97.952;33.3
2026-08-17T06:31:43.117;2026-08-17T00:31:43.117;32.5;3060783;0;22.00;122.2;-30.520;23.3;98.275;33.3
2026-08-17T06:33:43.106;2026-08-17T00:33:43.106;32.5;2725548;0;21.87;122.2;-30.903;23.3;98.600;33.3
2026-08-17T06:35:43.112;2026-08-17T00:35:43.112;32.5;2839896;0;21.92;122.2;-31.285;23.4;98.926;33.3
2026-08-17T06:37:43.104;2026-08-17T00:37:43.104;32.5;3478579;1;22.15;122.2;-31.667;23.4;99.254;33.3
2026-08-17T06:39:43.112;2026-08-17T00:39:43.112;32.5;3316071;1;22.09;122.2;-32.049;23.4;99.585;33.3
2026-08-17T06:41:43.114;2026-08-17T00:41:43.114;32.5;3425396;0;22.13;122.2;-32.430;23.4;99.917;33.3
2026-08-17T06:43:43.092;2026-08-17T00:43:43.092;32.5;3425298;0;22.13;122.1;-32.811;23.4;100.251;33.3
2026-08-17T06:45:43.098;2026-08-17T00:45:43.098;32.2;3471851;0;22.14;122.1;-33.192;23.4;100.587;33.3
2026-08-17T06:47:43.124;2026-08-17T00:47:43.124;32.2;3238818;0;22.06;122.1;-33.572;23.4;100.926;33.3
2026-08-17T06:49:43.114;2026-08-17T00:49:43.114;32.2;3296758;0;22.09;122.1;-33.951;23.4;101.266;33.3
2026-08-17T06:51:43.103;2026-08-17T00:51:43.103;32.2;3694832;0;22.22;122.1;-34.331;23.4;101.609;33.3
2026-08-17T06:53:43.123;2026-08-17T00:53:43.123;32.2;3540043;0;22.17;122.1;-34.709;23.5;101.954;33.3
2026-08-17T06:55:43.113;2026-08-17T00:55:43.113;32.2;3440335;0;22.13;122.0;-35.088;23.5;102.301;33.3
2026-08-17T06:57:43.103;2026-08-17T00:57:43.103;32.2;3282896;0;22.08;122.0;-35.465;23.5;102.651;33.3
2026-08-17T06:59:43.135;2026-08-17T00:59:43.135;32.2;2810180;0;21.90;122.0;-35.843;23.5;103.003;33.3
2026-08-17T07:01:43.100;2026-08-17T01:01:43.100;32.5;2572713;0;21.80;122.0;-36.220;23.5;103.357;33.3
2026-08-17T07:03:43.099;2026-08-17T01:03:43.099;32.5;2524665;0;21.78;122.0;-36.596;23.5;103.714;33.3
2026-08-17T07:05:43.105;2026-08-17T01:05:43.105;32.2;2507049;0;21.78;122.0;-36.972;23.5;104.074;33.3
2026-08-17T07:07:43.120;2026-08-17T01:07:43.120;32.2;2620104;0;21.82;121.9;-37.347;23.5;104.436;33.3
2026-08-17T07:09:43.143;2026-08-17T01:09:43.143;32.5;2685757;0;21.84;121.9;-37.721;23.6;104.802;33.3
2026-08-17T07:11:43.117;2026-08-17T01:11:43.117;32.2;2686858;0;21.84;121.9;-38.095;23.6;105.170;33.3
2026-08-17T07:13:43.108;2026-08-17T01:13:43.108;32.2;2536331;0;21.78;121.9;-38.468;23.6;105.541;33.3
2026-08-17T07:15:43.098;2026-08-17T01:15:43.098;32.2;2360799;0;21.71;121.9;-38.841;23.6;105.914;33.3
2026-08-17T07:17:43.099;2026-08-17T01:17:43.099;32.2;2387313;1;21.71;121.9;-39.213;23.6;106.291;33.3
2026-08-17T07:19:43.118;2026-08-17T01:19:43.118;32.2;2475844;0;21.76;121.8;-39.584;23.6;106.671;33.3
2026-08-17T07:21:43.114;2026-08-17T01:21:43.114;32.2;2473080;1;21.75;121.8;-39.955;23.6;107.054;33.3
2026-08-17T07:23:43.114;2026-08-17T01:23:43.114;31.9;2480732;0;21.76;121.8;-40.325;23.6;107.441;33.3
2026-08-17T07:25:43.122;2026-08-17T01:25:43.122;31.9;2481558;0;21.76;121.8;-40.694;23.7;107.831;33.3
2026-08-17T07:27:43.131;2026-08-17T01:27:43.131;31.9;2460387;0;21.75;121.8;-41.062;23.7;108.224;33.3
2026-08-17T07:29:43.104;2026-08-17T01:29:43.104;31.9;2472235;0;21.75;121.8;-41.429;23.7;108.621;33.3
2026-08-17T07:31:43.122;2026-08-17T01:31:43.122;31.5;2480548;0;21.76;121.7;-41.796;23.7;109.021;33.3
2026-08-17T07:33:43.109;2026-08-17T01:33:43.109;31.5;2474672;0;21.76;121.7;-42.162;23.7;109.425;33.3
2026-08-17T07:35:43.108;2026-08-17T01:35:43.108;31.5;2441166;0;21.74;121.7;-42.527;23.7;109.833;33.3
2026-08-17T07:37:43.116;2026-08-17T01:37:43.116;31.5;2435044;0;21.74;121.7;-42.890;23.7;110.244;33.3
2026-08-17T07:39:43.096;2026-08-17T01:39:43.096;31.2;2415996;0;21.73;121.7;-43.254;23.7;110.660;33.3
2026-08-17T07:41:43.137;2026-08-17T01:41:43.137;31.2;2481031;0;21.76;121.7;-43.616;23.8;111.079;33.3
2026-08-17T07:43:43.098;2026-08-17T01:43:43.098;31.2;2493463;0;21.77;121.6;-43.977;23.8;111.503;33.3
2026-08-17T07:45:43.109;2026-08-17T01:45:43.109;31.2;2514858;0;21.78;121.6;-44.337;23.8;111.931;33.3
2026-08-17T07:47:43.126;2026-08-17T01:47:43.126;30.9;2500921;0;21.77;121.6;-44.696;23.8;112.363;33.3
2026-08-17T07:49:43.111;2026-08-17T01:49:43.111;30.9;2522441;0;21.78;121.6;-45.054;23.8;112.800;33.3
2026-08-17T07:51:43.112;2026-08-17T01:51:43.112;30.6;2573805;0;21.80;121.6;-45.410;23.8;113.241;33.3
2026-08-17T07:53:43.110;2026-08-17T01:53:43.110;30.6;2598973;0;21.81;121.6;-45.766;23.8;113.687;33.3
2026-08-17T07:55:43.112;2026-08-17T01:55:43.112;30.6;2614394;0;21.82;121.5;-46.120;23.8;114.138;33.3
2026-08-17T07:57:43.109;2026-08-17T01:57:43.109;30.2;2601507;1;21.81;121.5;-46.474;23.9;114.593;33.3
2026-08-17T07:59:43.127;2026-08-17T01:59:43.127;30.2;2583876;0;21.80;121.5;-46.826;23.9;115.053;33.3
2026-08-17T08:01:43.118;2026-08-17T02:01:43.118;30.2;2618676;0;21.82;121.5;-47.176;23.9;115.519;33.3
2026-08-17T08:03:43.114;2026-08-17T02:03:43.114;29.9;2600389;1;21.81;121.5;-47.526;23.9;115.990;33.3
2026-08-17T08:05:43.099;2026-08-17T02:05:43.099;29.9;2629779;1;21.83;121.5;-47.874;23.9;116.466;33.3
2026-08-17T08:07:43.143;2026-08-17T02:07:43.143;29.9;2627865;1;21.83;121.4;-48.220;23.9;116.947;33.3
2026-08-17T08:09:43.093;2026-08-17T02:09:43.093;29.6;2622182;1;21.83;121.4;-48.566;23.9;117.434;33.3
2026-08-17T08:11:43.093;2026-08-17T02:11:43.093;29.6;2628686;1;21.83;121.4;-48.909;23.9;117.927;33.3
2026-08-17T08:13:43.105;2026-08-17T02:13:43.105;29.6;2635286;1;21.83;121.4;-49.251;23.9;118.425;33.3
2026-08-17T08:15:43.108;2026-08-17T02:15:43.108;29.3;2635061;1;21.83;121.4;-49.592;24.0;118.930;33.3
2026-08-17T08:17:43.117;2026-08-17T02:17:43.117;29.3;2626441;1;21.83;121.4;-49.931;24.0;119.440;33.3
2026-08-17T08:19:43.122;2026-08-17T02:19:43.122;29.3;2651111;1;21.83;121.4;-50.268;24.0;119.957;33.3
2026-08-17T08:21:43.107;2026-08-17T02:21:43.107;29.0;2643765;0;21.83;121.3;-50.604;24.0;120.480;33.3
2026-08-17T08:23:43.137;2026-08-17T02:23:43.137;29.0;2655122;0;21.84;121.3;-50.938;24.0;121.009;33.3
2026-08-17T08:25:43.123;2026-08-17T02:25:43.123;29.0;2672427;0;21.84;121.3;-51.270;24.0;121.546;33.3
2026-08-17T08:27:43.102;2026-08-17T02:27:43.102;28.6;2668801;1;21.84;121.3;-51.600;24.0;122.089;33.3
2026-08-17T08:29:43.106;2026-08-17T02:29:43.106;28.6;2699042;0;21.85;121.3;-51.928;24.0;122.638;33.3
2026-08-17T08:31:43.114;2026-08-17T02:31:43.114;28.6;2729781;0;21.87;121.3;-52.255;24.1;123.195;33.3
2026-08-17T08:33:43.154;2026-08-17T02:33:43.154;28.3;2695201;0;21.85;121.2;-52.579;24.1;123.759;33.3
2026-08-17T08:35:43.101;2026-08-17T02:35:43.101;28.3;2706815;1;21.86;121.2;-52.901;24.1;124.331;33.3
2026-08-17T08:37:43.108;2026-08-17T02:37:43.108;28.3;2736462;0;21.87;121.2;-53.221;24.1;124.910;33.3
2026-08-17T08:39:43.143;2026-08-17T02:39:43.143;28.3;2745922;0;21.87;121.2;-53.539;24.1;125.496;33.3
2026-08-17T08:41:43.099;2026-08-17T02:41:43.099;28.0;2743417;0;21.87;121.2;-53.855;24.1;126.091;33.3
2026-08-17T08:43:43.108;2026-08-17T02:43:43.108;28.0;2751267;0;21.87;121.2;-54.168;24.1;126.693;33.3
2026-08-17T08:45:43.121;2026-08-17T02:45:43.121;28.0;2776724;0;21.89;121.1;-54.479;24.1;127.304;33.3
2026-08-17T08:47:43.116;2026-08-17T02:47:43.116;28.0;2778946;0;21.89;121.1;-54.788;24.2;127.923;33.3
2026-08-17T08:49:43.106;2026-08-17T02:49:43.106;27.7;2784529;0;21.89;121.1;-55.094;24.2;128.550;33.3
2026-08-17T08:51:43.106;2026-08-17T02:51:43.106;27.7;2780946;0;21.89;121.1;-55.397;24.2;129.186;33.3
2026-08-17T08:53:43.128;2026-08-17T02:53:43.128;27.7;2785602;1;21.89;121.1;-55.698;24.2;129.830;33.3
2026-08-17T08:55:43.120;2026-08-17T02:55:43.120;27.3;2797564;0;21.89;121.1;-55.996;24.2;130.484;33.3
2026-08-17T08:57:43.100;2026-08-17T02:57:43.100;27.3;2772806;0;21.89;121.0;-56.291;24.2;131.146;33.3
2026-08-17T08:59:43.097;2026-08-17T02:59:43.097;27.3;2798838;0;21.89;121.0;-56.583;24.2;131.818;33.3
2026-08-17T09:01:43.104;2026-08-17T03:01:43.104;27.3;2790424;0;21.89;121.0;-56.873;24.2;132.499;33.3
2026-08-17T09:03:43.105;2026-08-17T03:03:43.105;27.0;2779781;0;21.89;121.0;-57.159;24.3;133.190;33.3
2026-08-17T09:05:43.134;2026-08-17T03:05:43.134;27.0;2777903;0;21.89;121.0;-57.442;24.3;133.891;33.3
2026-08-17T09:07:43.103;2026-08-17T03:07:43.103;27.0;2790476;0;21.89;121.0;-57.722;24.3;134.601;33.3
2026-08-17T09:09:43.104;2026-08-17T03:09:43.104;27.0;2745302;0;21.87;120.9;-57.998;24.3;135.321;33.3
2026-08-17T09:11:43.121;2026-08-17T03:11:43.121;27.0;2764315;0;21.88;120.9;-58.272;24.3;136.051;33.3
2026-08-17T09:13:43.107;2026-08-17T03:13:43.107;26.7;2785244;0;21.89;120.9;-58.541;24.3;136.792;33.3
2026-08-17T09:15:43.106;2026-08-17T03:15:43.106;26.7;2769550;0;21.89;120.9;-58.807;24.3;137.543;33.3
2026-08-17T09:17:43.123;2026-08-17T03:17:43.123;26.7;2775763;0;21.89;120.9;-59.070;24.3;138.305;33.3
2026-08-17T09:19:43.129;2026-08-17T03:19:43.129;26.7;2780355;1;21.89;120.9;-59.328;24.4;139.077;33.3
2026-08-17T09:21:43.107;2026-08-17T03:21:43.107;26.7;2779435;1;21.89;120.8;-59.583;24.4;139.860;33.3
2026-08-17T09:23:43.116;2026-08-17T03:23:43.116;26.7;2771598;1;21.89;120.8;-59.834;24.4;140.654;33.3
2026-08-17T09:25:43.126;2026-08-17T03:25:43.126;26.4;2773471;0;21.89;120.8;-60.081;24.4;141.459;33.3
2026-08-17T09:27:43.116;2026-08-17T03:27:43.116;26.4;2759315;1;21.88;120.8;-60.323;24.4;142.274;33.3
2026-08-17T09:29:43.113;2026-08-17T03:29:43.113;26.4;2717730;0;21.86;120.8;-60.561;24.4;143.101;33.3
2026-08-17T09:31:43.092;2026-08-17T03:31:43.092;26.4;2710564;0;21.86;120.8;-60.795;24.4;143.940;33.3
2026-08-17T09:33:43.098;2026-08-17T03:33:43.098;26.4;2683780;0;21.84;120.7;-61.024;24.4;144.789;33.3
2026-08-17T09:35:43.090;2026-08-17T03:35:43.090;26.4;2656855;0;21.84;120.7;-61.249;24.5;145.650;33.3
2026-08-17T09:37:43.097;2026-08-17T03:37:43.097;26.1;2656984;0;21.84;120.7;-61.469;24.5;146.522;33.3
2026-08-17T09:39:43.113;2026-08-17T03:39:43.113;26.1;2632580;0;21.83;120.7;-61.684;24.5;147.406;33.3
2026-08-17T09:41:43.105;2026-08-17T03:41:43.105;26.1;2601355;0;21.81;120.7;-61.894;24.5;148.300;33.3
2026-08-17T09:43:43.096;2026-08-17T03:43:43.096;26.1;2594243;0;21.81;120.7;-62.099;24.5;149.207;33.3
2026-08-17T09:45:43.113;2026-08-17T03:45:43.113;26.1;2581910;0;21.80;120.6;-62.299;24.5;150.124;33.3
2026-08-17T09:47:43.147;2026-08-17T03:47:43.147;26.1;2564485;0;21.80;120.6;-62.493;24.5;151.053;33.3
2026-08-17T09:49:43.132;2026-08-17T03:49:43.132;26.1;2530926;1;21.78;120.6;-62.682;24.5;151.993;33.3
2026-08-17T09:51:43.109;2026-08-17T03:51:43.109;26.1;2540498;0;21.79;120.6;-62.866;24.6;152.944;33.3
2026-08-17T09:53:43.103;2026-08-17T03:53:43.103;26.1;2523507;0;21.78;120.6;-63.044;24.6;153.906;33.3
2026-08-17T09:55:43.101;2026-08-17T03:55:43.101;26.1;2512028;0;21.78;120.6;-63.216;24.6;154.879;33.3
2026-08-17T09:57:43.132;2026-08-17T03:57:43.132;26.1;2499025;0;21.77;120.5;-63.382;24.6;155.862;33.3
2026-08-17T09:59:43.089;2026-08-17T03:59:43.089;26.1;2501257;0;21.77;120.5;-63.543;24.6;156.856;33.3
2026-08-17T10:01:43.097;2026-08-17T04:01:43.097;26.1;2514063;0;21.78;120.5;-63.697;24.6;157.861;33.3
2026-08-17T10:03:43.121;2026-08-17T04:03:43.121;25.7;2496318;1;21.77;120.5;-63.845;24.6;158.875;33.3
2026-08-17T10:05:43.102;2026-08-17T04:05:43.102;26.1;2481583;0;21.76;120.5;-63.987;24.6;159.900;33.3
2026-08-17T10:07:43.118;2026-08-17T04:07:43.118;26.1;2486727;0;21.76;120.5;-64.122;24.6;160.933;33.3
2026-08-17T10:09:43.134;2026-08-17T04:09:43.134;25.7;2442484;1;21.75;120.4;-64.251;24.7;161.977;33.3
2026-08-17T10:11:43.118;2026-08-17T04:11:43.118;25.7;2460335;0;21.76;120.4;-64.373;24.7;163.029;33.3
2026-08-17T10:13:43.108;2026-08-17T04:13:43.108;25.7;2455750;0;21.75;120.4;-64.488;24.7;164.089;33.3
2026-08-17T10:15:43.117;2026-08-17T04:15:43.117;25.7;2428962;0;21.74;120.4;-64.597;24.7;165.158;33.3
2026-08-17T10:17:43.096;2026-08-17T04:17:43.096;25.7;2435092;0;21.74;120.4;-64.699;24.7;166.234;33.3
2026-08-17T10:19:43.133;2026-08-17T04:19:43.133;25.7;2373468;0;21.71;120.4;-64.794;24.7;167.318;33.3
2026-08-17T10:21:43.102;2026-08-17T04:21:43.102;25.7;2377630;0;21.71;120.4;-64.881;24.7;168.409;33.3
2026-08-17T10:23:43.118;2026-08-17T04:23:43.118;25.7;2370744;1;21.71;120.3;-64.962;24.7;169.506;33.3
2026-08-17T10:25:43.128;2026-08-17T04:25:43.128;25.7;2361005;0;21.71;120.3;-65.035;24.8;170.610;33.3
2026-08-17T10:27:43.104;2026-08-17T04:27:43.104;25.7;2362518;0;21.71;120.3;-65.101;24.8;171.718;33.3
2026-08-17T10:29:43.128;2026-08-17T04:29:43.128;25.7;2362458;0;21.71;120.3;-65.160;24.8;172.832;33.3
2026-08-17T10:31:43.105;2026-08-17T04:31:43.105;25.7;2370746;1;21.71;120.3;-65.211;24.8;173.950;33.3
2026-08-17T10:33:43.118;2026-08-17T04:33:43.118;25.7;2373995;0;21.71;120.3;-65.255;24.8;175.071;33.3
2026-08-17T10:35:43.098;2026-08-17T04:35:43.098;25.7;2359785;0;21.71;120.2;-65.292;24.8;176.196;33.3
2026-08-17T10:37:43.103;2026-08-17T04:37:43.103;25.7;2376361;0;21.71;120.2;-65.321;24.8;177.324;33.3
2026-08-17T10:39:43.117;2026-08-17T04:39:43.117;25.7;2366044;0;21.71;120.2;-65.343;24.8;178.453;33.3
2026-08-17T10:41:43.104;2026-08-17T04:41:43.104;25.7;2369277;0;21.71;120.2;-65.357;24.9;179.584;33.3
2026-08-17T10:43:43.124;2026-08-17T04:43:43.124;25.7;2353492;0;21.70;120.2;-65.363;24.9;-179.284;33.3
2026-08-17T10:45:43.102;2026-08-17T04:45:43.102;25.7;2326603;0;21.69;120.2;-65.362;24.9;-178.153;33.3
2026-08-17T10:47:43.110;2026-08-17T04:47:43.110;25.7;2315995;0;21.68;120.1;-65.353;24.9;-177.021;33.3
2026-08-17T10:49:43.102;2026-08-17T04:49:43.102;25.7;2244518;0;21.65;120.1;-65.337;24.9;-175.891;33.3
2026-08-17T10:51:43.109;2026-08-17T04:51:43.109;25.7;2221725;0;21.64;120.1;-65.313;24.9;-174.762;33.3
2026-08-17T10:53:43.101;2026-08-17T04:53:43.101;25.7;2114467;1;21.58;120.1;-65.282;24.9;-173.636;33.3
2026-08-17T10:55:43.109;2026-08-17T04:55:43.109;25.7;2023535;1;21.53;120.1;-65.244;24.9;-172.512;33.3
2026-08-17T10:57:43.113;2026-08-17T04:57:43.113;25.7;1968240;0;21.50;120.1;-65.197;25.0;-171.392;33.3
2026-08-17T10:59:43.114;2026-08-17T04:59:43.114;25.7;1891993;0;21.46;120.0;-65.144;25.0;-170.276;33.3
2026-08-17T11:01:43.109;2026-08-17T05:01:43.109;25.7;1747935;0;21.37;120.0;-65.083;25.0;-169.164;33.3
2026-08-17T11:03:43.094;2026-08-17T05:03:43.094;25.7;1616745;1;21.28;120.0;-65.015;25.0;-168.057;33.3
2026-08-17T11:05:43.103;2026-08-17T05:05:43.103;26.1;1482059;1;21.18;120.0;-64.940;25.0;-166.957;33.3
2026-08-17T11:07:43.102;2026-08-17T05:07:43.102;26.1;1328261;0;21.06;120.0;-64.857;25.0;-165.862;33.3
2026-08-17T11:09:43.103;2026-08-17T05:09:43.103;26.1;1124149;1;20.88;120.0;-64.768;25.0;-164.774;33.3
2026-08-17T11:11:43.135;2026-08-17T05:11:43.135;26.1;947353;0;20.69;119.9;-64.671;25.0;-163.693;33.3
2026-08-17T11:13:43.124;2026-08-17T05:13:43.124;26.4;835183;1;20.54;119.9;-64.568;25.1;-162.619;33.3
2026-08-17T11:15:43.100;2026-08-17T05:15:43.100;26.4;746027;0;20.43;119.9;-64.457;25.1;-161.554;33.3
2026-08-17T11:17:43.116;2026-08-17T05:17:43.116;26.4;611744;1;20.20;119.9;-64.340;25.1;-160.496;33.3
2026-08-17T11:19:43.115;2026-08-17T05:19:43.115;26.4;483772;1;19.95;119.9;-64.216;25.1;-159.448;33.3
2026-08-17T11:21:43.146;2026-08-17T05:21:43.146;26.4;373323;1;19.67;119.9;-64.086;25.1;-158.408;33.3
2026-08-17T11:23:43.119;2026-08-17T05:23:43.119;26.4;283101;2;19.36;119.8;-63.949;25.1;-157.378;33.3
2026-08-17T11:25:43.119;2026-08-17T05:25:43.119;26.4;213996;2;19.06;119.8;-63.806;25.1;-156.358;33.3
2026-08-17T11:27:43.105;2026-08-17T05:27:43.105;26.7;159430;3;18.73;119.8;-63.657;25.1;-155.347;33.3
2026-08-17T11:29:43.121;2026-08-17T05:29:43.121;26.7;117166;4;18.40;119.8;-63.502;25.2;-154.347;33.3
2026-08-17T11:31:43.110;2026-08-17T05:31:43.110;26.7;87321;5;18.08;119.8;-63.340;25.2;-153.357;33.3
2026-08-17T11:33:43.101;2026-08-17T05:33:43.101;26.7;63372;7;17.73;119.8;-63.173;25.2;-152.377;33.3
2026-08-17T11:35:43.111;2026-08-17T05:35:43.111;26.7;45162;10;17.37;119.7;-63.000;25.2;-151.408;33.3
2026-08-17T11:37:43.104;2026-08-17T05:37:43.104;26.7;30729;15;16.95;119.7;-62.821;25.2;-150.450;33.3
2026-08-17T11:39:43.115;2026-08-17T05:39:43.115;26.7;19024;24;16.42;119.7;-62.636;25.2;-149.504;33.3
2026-08-17T11:41:43.118;2026-08-17T05:41:43.118;26.7;11883;40;15.92;119.7;-62.446;25.2;-148.568;33.3
2026-08-17T11:43:43.146;2026-08-17T05:43:43.146;26.7;7471;61;15.41;119.7;-62.251;25.2;-147.643;33.3
2026-08-17T11:45:43.135;2026-08-17T05:45:43.135;27.0;4699;96;14.90;119.7;-62.051;25.3;-146.730;33.3
2026-08-17T11:47:43.110;2026-08-17T05:47:43.110;27.0;0;159;14.39;119.6;-61.845;25.3;-145.828;33.3
2026-08-17T11:49:43.128;2026-08-17T05:49:43.128;27.0;0;245;13.92;119.6;-61.635;25.3;-144.937;33.3
2026-08-17T11:51:43.111;2026-08-17T05:51:43.111;27.0;0;349;13.54;119.6;-61.419;25.3;-144.058;33.3
2026-08-17T11:53:43.165;2026-08-17T05:53:43.165;27.0;0;521;13.10;119.6;-61.199;25.3;-143.190;33.3
2026-08-17T11:55:43.106;2026-08-17T05:55:43.106;27.0;0;813;12.62;119.6;-60.974;25.3;-142.333;33.3
2026-08-17T11:57:43.122;2026-08-17T05:57:43.122;27.0;0;1241;12.16;119.6;-60.745;25.3;-141.487;33.3
2026-08-17T11:59:43.117;2026-08-17T05:59:43.117;27.0;0;1854;11.72;119.6;-60.511;25.3;-140.653;33.3
2026-08-17T12:01:43.090;2026-08-17T06:01:43.090;27.3;0;2790;11.28;119.5;-60.273;25.4;-139.830;33.3
2026-08-17T12:03:43.114;2026-08-17T06:03:43.114;27.3;0;4213;10.84;119.5;-60.031;25.4;-139.017;33.3
2026-08-17T12:05:43.094;2026-08-17T06:05:43.094;27.3;0;6258;10.40;119.5;-59.785;25.4;-138.216;33.3
2026-08-17T12:07:43.091;2026-08-17T06:07:43.091;27.3;0;9093;10.00;119.5;-59.534;25.4;-137.426;33.3
2026-08-17T12:09:43.106;2026-08-17T06:09:43.106;27.3;0;13140;9.60;119.5;-59.280;25.4;-136.646;33.3
2026-08-17T12:11:43.111;2026-08-17T06:11:43.111;27.3;0;18374;9.24;119.5;-59.022;25.4;-135.878;33.3
2026-08-17T12:13:43.096;2026-08-17T06:13:43.096;27.3;0;25138;8.89;119.4;-58.760;25.4;-135.119;33.3
2026-08-17T12:15:43.131;2026-08-17T06:15:43.131;27.3;0;33729;8.58;119.4;-58.495;25.4;-134.371;33.3
2026-08-17T12:17:43.113;2026-08-17T06:17:43.113;27.3;0;44239;8.28;119.4;-58.226;25.5;-133.634;33.3
2026-08-17T12:19:43.098;2026-08-17T06:19:43.098;27.3;0;56115;8.02;119.4;-57.954;25.5;-132.906;33.3
