# Light Pollution Monitoring Data Format 1.0
# URL: http://www.darksky.org/measurements
# Number of header lines: 37
# This data is released under the following license: ODbL 1.0 http://opendatacommons.org/licenses/odbl/summary/
# Device type: SQM-LE
# Instrument ID: Crestone
# Data supplier: 
# Location name: Crestone Colorado
# Position (lat, lon, elev(m)): 37.9979, -105.69884, 2452
# Local timezone: MST7MDT
# Time Synchronization: 
# Moving / Stationary position: STATIONARY
# Moving / Fixed look direction: FIXED
# Number of channels: 1
# Filters per channel: 
# Measurement direction per channel: 
# Field of view (degrees): 6
# Number of fields per line: 6
# SQM serial number: 6080
# SQM hardware identity: 0080A3F51677
# SQM firmware version: 4-3-79
# SQM cover offset value: 
# SQM readout test ix (Information): i,00000004,00000003,00000079,00006080
# SQM readout test rx (Reading): r, 10.86m,0000004121Hz,0000000000c,0000000.000s, 037.0C,D
# SQM readout test cx (Calibration): c,00000019.89m,0000238.774s, 024.1C,00000008.71m, 026.4C
# SQM readout test Ix (Report Interval): 0000000120s,0000000120s,00000018.00m,00000018.00m
# Comment: 
# Comment: 
# Comment: 
# Comment: 
# Comment: 
# UDM version: 1.0.0.352
# UDM setting: Logged continuously every 2 minutes,Threshold = 8 mpsas, Record limit = 1000.
# blank line
# UTC Date & Time, Local Date & Time, Temperature, Counts, Frequency, MSAS, MoonPhaseDeg, MoonElevDeg, MoonIllum, MoonAzimuth, Humidity
# YYYY-MM-DDTHH:mm:ss.fff;YYYY-MM-DDTHH:mm:ss.fff;Celsius;number;Hz;mag/arcsec^2;Degrees;Degrees;Percent;Degrees;Percent
# END OF HEADER
2026-08-10T02:19:33.703;2026-08-09T20:19:33.703;37.0;0;4121;10.86;-143.6;-17.316;9.8;147.622;33.3
2026-08-10T02:21:33.118;2026-08-09T20:21:33.118;37.0;0;2614;11.35;-143.6;-17.519;9.7;148.015;33.3
2026-08-10T02:23:33.124;2026-08-09T20:23:33.124;37.0;0;1622;11.87;-143.6;-17.721;9.7;148.410;33.3
2026-08-10T02:25:33.124;2026-08-09T20:25:33.124;37.0;0;1028;12.37;-143.7;-17.920;9.7;148.807;33.3
2026-08-10T02:27:33.127;2026-08-09T20:27:33.127;36.7;0;665;12.84;-143.7;-18.117;9.7;149.205;33.3
2026-08-10T02:29:33.149;2026-08-09T20:29:33.149;36.7;0;452;13.25;-143.7;-18.311;9.7;149.605;33.3
2026-08-10T02:31:33.098;2026-08-09T20:31:33.098;36.7;0;325;13.62;-143.7;-18.504;9.7;150.007;33.3
2026-08-10T02:33:33.104;2026-08-09T20:33:33.104;36.7;0;226;14.01;-143.7;-18.694;9.7;150.410;33.3
2026-08-10T02:35:33.125;2026-08-09T20:35:33.125;36.4;0;150;14.45;-143.8;-18.882;9.7;150.815;33.3
2026-08-10T02:37:33.132;2026-08-09T20:37:33.132;36.4;4857;95;14.94;-143.8;-19.068;9.7;151.222;33.3
2026-08-10T02:39:33.134;2026-08-09T20:39:33.134;36.4;7457;63;15.41;-143.8;-19.251;9.7;151.631;33.3
2026-08-10T02:41:33.107;2026-08-09T20:41:33.107;36.4;10848;43;15.82;-143.8;-19.432;9.6;152.041;33.3
2026-08-10T02:43:33.115;2026-08-09T20:43:33.115;36.4;16103;29;16.24;-143.8;-19.610;9.6;152.452;33.3
2026-08-10T02:45:33.108;2026-08-09T20:45:33.108;36.4;23081;20;16.64;-143.9;-19.786;9.6;152.866;33.3
2026-08-10T02:47:33.110;2026-08-09T20:47:33.110;36.0;32607;14;17.01;-143.9;-19.960;9.6;153.281;33.3
2026-08-10T02:49:33.109;2026-08-09T20:49:33.109;36.0;46050;10;17.39;-143.9;-20.131;9.6;153.697;33.3
2026-08-10T02:51:33.116;2026-08-09T20:51:33.116;36.0;63359;7;17.73;-143.9;-20.300;9.6;154.115;33.3
2026-08-10T02:53:33.127;2026-08-09T20:53:33.127;36.0;86451;6;18.07;-143.9;-20.466;9.6;154.535;33.3
2026-08-10T02:55:33.118;2026-08-09T20:55:33.118;36.0;122894;4;18.46;-144.0;-20.630;9.6;154.957;33.3
2026-08-10T02:57:33.119;2026-08-09T20:57:33.119;35.7;166035;3;18.78;-144.0;-20.791;9.6;155.379;33.3
2026-08-10T02:59:33.119;2026-08-09T20:59:33.119;35.7;219735;2;19.09;-144.0;-20.950;9.6;155.804;33.3
2026-08-10T03:01:33.098;2026-08-09T21:01:33.098;35.7;292875;2;19.40;-144.0;-21.106;9.5;156.230;33.3
2026-08-10T03:03:33.104;2026-08-09T21:03:33.104;35.7;396328;1;19.73;-144.0;-21.260;9.5;156.657;33.3
2026-08-10T03:05:33.103;2026-08-09T21:05:33.103;35.7;558729;1;20.11;-144.1;-21.411;9.5;157.086;33.3
2026-08-10T03:07:33.113;2026-08-09T21:07:33.113;35.7;810488;0;20.51;-144.1;-21.559;9.5;157.517;33.3
2026-08-10T03:09:33.097;2026-08-09T21:09:33.097;35.7;1196055;1;20.95;-144.1;-21.705;9.5;157.949;33.3
2026-08-10T03:11:33.104;2026-08-09T21:11:33.104;35.4;1585723;1;21.26;-144.1;-21.849;9.5;158.383;33.3
2026-08-10T03:13:33.094;2026-08-09T21:13:33.094;35.4;1926567;0;21.48;-144.1;-21.989;9.5;158.817;33.3
2026-08-10T03:15:33.105;2026-08-09T21:15:33.105;35.4;2180731;1;21.62;-144.1;-22.127;9.5;159.254;33.3
2026-08-10T03:17:33.107;2026-08-09T21:17:33.107;35.4;2539405;0;21.78;-144.2;-22.262;9.5;159.692;33.3
2026-08-10T03:19:33.108;2026-08-09T21:19:33.108;35.4;2897500;0;21.94;-144.2;-22.395;9.5;160.131;33.3
2026-08-10T03:21:33.145;2026-08-09T21:21:33.145;35.4;3235084;0;22.07;-144.2;-22.525;9.4;160.571;33.3
2026-08-10T03:23:33.103;2026-08-09T21:23:33.103;35.4;3510326;0;22.16;-144.2;-22.652;9.4;161.013;33.3
2026-08-10T03:25:33.103;2026-08-09T21:25:33.103;35.4;3501660;0;22.16;-144.2;-22.776;9.4;161.457;33.3
2026-08-10T03:27:33.119;2026-08-09T21:27:33.119;35.4;3200240;1;22.05;-144.3;-22.898;9.4;161.901;33.3
2026-08-10T03:29:33.116;2026-08-09T21:29:33.116;35.4;3056927;1;22.00;-144.3;-23.017;9.4;162.347;33.3
2026-08-10T03:31:33.144;2026-08-09T21:31:33.144;35.4;3186303;0;22.05;-144.3;-23.133;9.4;162.794;33.3
2026-08-10T03:33:33.116;2026-08-09T21:33:33.116;35.4;3554999;0;22.17;-144.3;-23.246;9.4;163.243;33.3
2026-08-10T03:35:33.122;2026-08-09T21:35:33.122;35.4;3927577;0;22.29;-144.3;-23.357;9.4;163.692;33.3
2026-08-10T03:37:33.097;2026-08-09T21:37:33.097;35.4;4324358;0;22.40;-144.4;-23.464;9.4;164.143;33.3
2026-08-10T03:39:33.126;2026-08-09T21:39:33.126;35.4;4442479;0;22.43;-144.4;-23.569;9.4;164.595;33.3
2026-08-10T03:41:33.101;2026-08-09T21:41:33.101;35.4;4344589;0;22.41;-144.4;-23.671;9.3;165.048;33.3
2026-08-10T03:43:33.119;2026-08-09T21:43:33.119;35.4;4440970;0;22.43;-144.4;-23.770;9.3;165.502;33.3
2026-08-10T03:45:33.101;2026-08-09T21:45:33.101;35.4;4465284;0;22.44;-144.4;-23.866;9.3;165.958;33.3
2026-08-10T03:47:33.119;2026-08-09T21:47:33.119;35.4;4568237;1;22.47;-144.5;-23.959;9.3;166.414;33.3
2026-08-10T03:49:33.102;2026-08-09T21:49:33.102;35.4;4599557;0;22.47;-144.5;-24.049;9.3;166.871;33.3
2026-08-10T03:51:33.108;2026-08-09T21:51:33.108;35.1;4798395;0;22.53;-144.5;-24.137;9.3;167.330;33.3
2026-08-10T03:53:33.147;2026-08-09T21:53:33.147;35.1;4642784;0;22.48;-144.5;-24.221;9.3;167.789;33.3
2026-08-10T03:55:33.120;2026-08-09T21:55:33.120;35.1;4386736;0;22.41;-144.5;-24.303;9.3;168.250;33.3
2026-08-10T03:57:33.120;2026-08-09T21:57:33.120;35.1;3989486;0;22.31;-144.5;-24.381;9.3;168.711;33.3
2026-08-10T03:59:33.106;2026-08-09T21:59:33.106;35.1;4001905;0;22.32;-144.6;-24.457;9.3;169.173;33.3
2026-08-10T04:01:33.120;2026-08-09T22:01:33.120;35.1;4135759;0;22.35;-144.6;-24.529;9.2;169.636;33.3
2026-08-10T04:03:33.138;2026-08-09T22:03:33.138;35.1;4695304;0;22.50;-144.6;-24.599;9.2;170.100;33.3
2026-08-10T04:05:33.104;2026-08-09T22:05:33.104;35.1;5076324;0;22.59;-144.6;-24.665;9.2;170.565;33.3
2026-08-10T04:07:33.102;2026-08-09T22:07:33.102;35.1;4967472;0;22.56;-144.6;-24.729;9.2;171.031;33.3
2026-08-10T04:09:33.105;2026-08-09T22:09:33.105;35.1;4783612;0;22.52;-144.7;-24.789;9.2;171.497;33.3
2026-08-10T04:11:33.110;2026-08-09T22:11:33.110;35.1;4502302;0;22.44;-144.7;-24.847;9.2;171.964;33.3
2026-08-10T04:13:33.109;2026-08-09T22:13:33.109;35.1;4513401;1;22.45;-144.7;-24.901;9.2;172.431;33.3
2026-08-10T04:15:33.103;2026-08-09T22:15:33.103;35.1;4562428;0;22.47;-144.7;-24.953;9.2;172.899;33.3
2026-08-10T04:17:33.108;2026-08-09T22:17:33.108;35.1;4749167;1;22.51;-144.7;-25.001;9.2;173.368;33.3
2026-08-10T04:19:33.133;2026-08-09T22:19:33.133;35.1;4558842;0;22.47;-144.8;-25.046;9.2;173.838;33.3
2026-08-10T04:21:33.105;2026-08-09T22:21:33.105;35.1;4368849;0;22.41;-144.8;-25.088;9.2;174.308;33.3
2026-08-10T04:23:33.101;2026-08-09T22:23:33.101;35.1;4464917;1;22.44;-144.8;-25.128;9.1;174.778;33.3
2026-08-10T04:25:33.151;2026-08-09T22:25:33.151;34.8;4396226;0;22.42;-144.8;-25.164;9.1;175.249;33.3
2026-08-10T04:27:33.108;2026-08-09T22:27:33.108;34.8;4462008;1;22.44;-144.8;-25.197;9.1;175.720;33.3
2026-08-10T04:29:33.094;2026-08-09T22:29:33.094;34.8;4492352;0;22.44;-144.9;-25.226;9.1;176.192;33.3
2026-08-10T04:31:33.113;2026-08-09T22:31:33.113;34.8;4412650;0;22.42;-144.9;-25.253;9.1;176.664;33.3
2026-08-10T04:33:33.099;2026-08-09T22:33:33.099;34.8;4489180;0;22.44;-144.9;-25.277;9.1;177.136;33.3
2026-08-10T04:35:33.100;2026-08-09T22:35:33.100;34.8;4504566;0;22.45;-144.9;-25.297;9.1;177.609;33.3
2026-08-10T04:37:33.111;2026-08-09T22:37:33.111;34.8;4625685;0;22.48;-144.9;-25.315;9.1;178.082;33.3
2026-08-10T04:39:33.120;2026-08-09T22:39:33.120;34.8;4684487;0;22.49;-145.0;-25.329;9.1;178.555;33.3
2026-08-10T04:41:33.127;2026-08-09T22:41:33.127;34.8;4508835;0;22.45;-145.0;-25.340;9.1;179.028;33.3
2026-08-10T04:43:33.114;2026-08-09T22:43:33.114;34.8;4178663;0;22.37;-145.0;-25.349;9.0;179.501;33.3
2026-08-10T04:45:33.102;2026-08-09T22:45:33.102;34.8;3834336;0;22.27;-145.0;-25.354;9.0;179.975;33.3
2026-08-10T04:47:33.142;2026-08-09T22:47:33.142;34.8;3530769;1;22.17;-145.0;-25.356;9.0;-179.552;33.3
2026-08-10T04:49:33.115;2026-08-09T22:49:33.115;34.8;3672118;0;22.22;-145.0;-25.354;9.0;-179.078;33.3
2026-08-10T04:51:33.121;2026-08-09T22:51:33.121;34.8;3832849;1;22.26;-145.1;-25.350;9.0;-178.604;33.3
2026-08-10T04:53:33.119;2026-08-09T22:53:33.119;34.8;4135952;0;22.35;-145.1;-25.343;9.0;-178.131;33.3
2026-08-10T04:55:33.109;2026-08-09T22:55:33.109;34.4;4241615;1;22.38;-145.1;-25.332;9.0;-177.658;33.3
2026-08-10T04:57:33.169;2026-08-09T22:57:33.169;34.4;4075161;0;22.34;-145.1;-25.318;9.0;-177.184;33.3
2026-08-10T04:59:33.105;2026-08-09T22:59:33.105;34.4;3785946;1;22.25;-145.1;-25.302;9.0;-176.711;33.3
2026-08-10T05:01:33.099;2026-08-09T23:01:33.099;34.4;3607535;0;22.19;-145.2;-25.282;9.0;-176.238;33.3
2026-08-10T05:03:33.106;2026-08-09T23:03:33.106;34.4;3342760;0;22.11;-145.2;-25.259;9.0;-175.766;33.3
2026-08-10T05:05:33.102;2026-08-09T23:05:33.102;34.4;3029299;0;21.99;-145.2;-25.233;8.9;-175.293;33.3
2026-08-10T05:07:33.100;2026-08-09T23:07:33.100;34.4;2787992;0;21.90;-145.2;-25.204;8.9;-174.821;33.3
2026-08-10T05:09:33.113;2026-08-09T23:09:33.113;34.4;2659411;1;21.84;-145.2;-25.171;8.9;-174.350;33.3
2026-08-10T05:11:33.107;2026-08-09T23:11:33.107;34.1;2574634;0;21.80;-145.3;-25.136;8.9;-173.878;33.3
2026-08-10T05:13:33.099;2026-08-09T23:13:33.099;34.1;2575289;1;21.80;-145.3;-25.097;8.9;-173.407;33.3
2026-08-10T05:15:33.118;2026-08-09T23:15:33.118;34.1;2596650;0;21.81;-145.3;-25.056;8.9;-172.937;33.3
2026-08-10T05:17:33.108;2026-08-09T23:17:33.108;34.1;2499474;1;21.77;-145.3;-25.011;8.9;-172.467;33.3
2026-08-10T05:19:33.130;2026-08-09T23:19:33.130;34.1;2547706;1;21.79;-145.3;-24.964;8.9;-171.998;33.3
2026-08-10T05:21:33.104;2026-08-09T23:21:33.104;34.1;2812555;0;21.90;-145.4;-24.913;8.9;-171.529;33.3
2026-08-10T05:23:33.114;2026-08-09T23:23:33.114;33.8;2971635;0;21.97;-145.4;-24.859;8.9;-171.061;33.3
2026-08-10T05:25:33.109;2026-08-09T23:25:33.109;33.8;2846132;0;21.91;-145.4;-24.802;8.8;-170.593;33.3
2026-08-10T05:27:33.100;2026-08-09T23:27:33.100;33.8;2638531;0;21.83;-145.4;-24.743;8.8;-170.126;33.3
2026-08-10T05:29:33.137;2026-08-09T23:29:33.137;33.8;2525169;0;21.78;-145.4;-24.680;8.8;-169.660;33.3
2026-08-10T05:31:33.097;2026-08-09T23:31:33.097;33.5;2571464;1;21.79;-145.5;-24.614;8.8;-169.194;33.3
2026-08-10T05:33:33.118;2026-08-09T23:33:33.118;33.5;2615404;0;21.82;-145.5;-24.545;8.8;-168.729;33.3
2026-08-10T05:35:33.104;2026-08-09T23:35:33.104;33.5;2790346;0;21.89;-145.5;-24.473;8.8;-168.265;33.3
2026-08-10T05:37:33.097;2026-08-09T23:37:33.097;33.5;3068547;0;22.00;-145.5;-24.398;8.8;-167.802;33.3
2026-08-10T05:39:33.105;2026-08-09T23:39:33.105;33.5;3312795;0;22.09;-145.5;-24.320;8.8;-167.340;33.3
2026-08-10T05:41:33.095;2026-08-09T23:41:33.095;33.5;3264738;0;22.07;-145.5;-24.239;8.8;-166.879;33.3
2026-08-10T05:43:33.102;2026-08-09T23:43:33.102;33.5;3110085;0;22.02;-145.6;-24.156;8.8;-166.418;33.3
2026-08-10T05:45:33.127;2026-08-09T23:45:33.127;33.5;3012245;1;21.98;-145.6;-24.069;8.8;-165.959;33.3
2026-08-10T05:47:33.116;2026-08-09T23:47:33.116;33.5;3031528;0;21.99;-145.6;-23.979;8.7;-165.500;33.3
2026-08-10T05:49:33.109;2026-08-09T23:49:33.109;33.8;3063847;0;22.00;-145.6;-23.887;8.7;-165.042;33.3
2026-08-10T05:51:33.167;2026-08-09T23:51:33.167;33.8;2909181;0;21.94;-145.6;-23.791;8.7;-164.586;33.3
2026-08-10T05:53:33.115;2026-08-09T23:53:33.115;33.8;2994582;0;21.97;-145.7;-23.693;8.7;-164.130;33.3
2026-08-10T05:55:33.094;2026-08-09T23:55:33.094;33.8;3127867;0;22.02;-145.7;-23.591;8.7;-163.676;33.3
2026-08-10T05:57:33.107;2026-08-09T23:57:33.107;33.8;3327886;0;22.09;-145.7;-23.487;8.7;-163.223;33.3
2026-08-10T05:59:33.121;2026-08-09T23:59:33.121;34.1;3432502;0;22.13;-145.7;-23.380;8.7;-162.771;33.3
2026-08-10T06:01:33.118;2026-08-10T00:01:33.118;34.1;3386164;1;22.11;-145.7;-23.270;8.7;-162.320;33.3
2026-08-10T06:03:33.094;2026-08-10T00:03:33.094;34.1;3286416;0;22.08;-145.8;-23.158;8.7;-161.870;33.3
2026-08-10T06:05:33.094;2026-08-10T00:05:33.094;34.1;3305332;0;22.08;-145.8;-23.042;8.7;-161.421;33.3
2026-08-10T06:07:33.128;2026-08-10T00:07:33.128;34.1;3334036;0;22.09;-145.8;-22.924;8.6;-160.974;33.3
2026-08-10T06:09:33.092;2026-08-10T00:09:33.092;34.1;3461084;0;22.14;-145.8;-22.803;8.6;-160.528;33.3
2026-08-10T06:11:33.110;2026-08-10T00:11:33.110;34.1;3557042;0;22.17;-145.8;-22.679;8.6;-160.083;33.3
2026-08-10T06:13:33.149;2026-08-10T00:13:33.149;34.1;3658511;0;22.20;-145.9;-22.552;8.6;-159.640;33.3
2026-08-10T06:15:33.104;2026-08-10T00:15:33.104;34.1;3775198;0;22.24;-145.9;-22.423;8.6;-159.198;33.3
2026-08-10T06:17:33.093;2026-08-10T00:17:33.093;34.1;3860580;0;22.27;-145.9;-22.291;8.6;-158.757;33.3
2026-08-10T06:19:33.123;2026-08-10T00:19:33.123;34.1;3990634;0;22.31;-145.9;-22.156;8.6;-158.317;33.3
2026-08-10T06:21:33.107;2026-08-10T00:21:33.107;34.1;4532997;0;22.45;-145.9;-22.019;8.6;-157.879;33.3
2026-08-10T06:23:33.132;2026-08-10T00:23:33.132;34.1;4995820;0;22.57;-145.9;-21.879;8.6;-157.443;33.3
2026-08-10T06:25:33.135;2026-08-10T00:25:33.135;33.8;5076949;0;22.58;-146.0;-21.736;8.6;-157.007;33.3
2026-08-10T06:27:33.101;2026-08-10T00:27:33.101;33.8;5056802;0;22.58;-146.0;-21.590;8.6;-156.574;33.3
2026-08-10T06:29:33.120;2026-08-10T00:29:33.120;33.8;4560765;0;22.46;-146.0;-21.442;8.5;-156.141;33.3
2026-08-10T06:31:33.106;2026-08-10T00:31:33.106;33.8;4060712;0;22.32;-146.0;-21.292;8.5;-155.710;33.3
2026-08-10T06:33:33.117;2026-08-10T00:33:33.117;33.8;3921968;0;22.29;-146.0;-21.138;8.5;-155.281;33.3
2026-08-10T06:35:33.113;2026-08-10T00:35:33.113;33.8;3671474;0;22.22;-146.1;-20.982;8.5;-154.853;33.3
2026-08-10T06:37:33.104;2026-08-10T00:37:33.104;33.8;3397163;0;22.12;-146.1;-20.824;8.5;-154.426;33.3
2026-08-10T06:39:33.124;2026-08-10T00:39:33.124;33.8;3287044;0;22.08;-146.1;-20.663;8.5;-154.002;33.3
2026-08-10T06:41:33.116;2026-08-10T00:41:33.116;33.8;3376938;0;22.11;-146.1;-20.500;8.5;-153.578;33.3
2026-08-10T06:43:33.098;2026-08-10T00:43:33.098;33.8;3683564;0;22.22;-146.1;-20.334;8.5;-153.156;33.3
2026-08-10T06:45:33.111;2026-08-10T00:45:33.111;33.8;3947612;0;22.29;-146.2;-20.165;8.5;-152.736;33.3
2026-08-10T06:47:33.097;2026-08-10T00:47:33.097;33.8;3950647;0;22.30;-146.2;-19.995;8.5;-152.317;33.3
2026-08-10T06:49:33.123;2026-08-10T00:49:33.123;33.5;3534509;0;22.16;-146.2;-19.821;8.5;-151.900;33.3
2026-08-10T06:51:33.097;2026-08-10T00:51:33.097;33.5;3090467;0;22.01;-146.2;-19.646;8.4;-151.485;33.3
2026-08-10T06:53:33.094;2026-08-10T00:53:33.094;33.5;2853417;0;21.92;-146.2;-19.467;8.4;-151.071;33.3
2026-08-10T06:55:33.127;2026-08-10T00:55:33.127;33.5;2774920;1;21.89;-146.3;-19.287;8.4;-150.659;33.3
2026-08-10T06:57:33.130;2026-08-10T00:57:33.130;33.5;2609724;0;21.82;-146.3;-19.104;8.4;-150.248;33.3
2026-08-10T06:59:33.100;2026-08-10T00:59:33.100;33.5;2551493;0;21.79;-146.3;-18.919;8.4;-149.839;33.3
2026-08-10T07:01:33.125;2026-08-10T01:01:33.125;33.5;2450632;0;21.74;-146.3;-18.731;8.4;-149.431;33.3
2026-08-10T07:03:33.100;2026-08-10T01:03:33.100;33.1;2486999;0;21.76;-146.3;-18.541;8.4;-149.026;33.3
2026-08-10T07:05:33.105;2026-08-10T01:05:33.105;33.1;2468695;0;21.75;-146.4;-18.349;8.4;-148.621;33.3
2026-08-10T07:07:33.114;2026-08-10T01:07:33.114;33.1;2486998;1;21.76;-146.4;-18.155;8.4;-148.219;33.3
2026-08-10T07:09:33.107;2026-08-10T01:09:33.107;33.1;2458396;0;21.75;-146.4;-17.958;8.4;-147.818;33.3
2026-08-10T07:11:33.120;2026-08-10T01:11:33.120;32.8;2452233;1;21.74;-146.4;-17.759;8.3;-147.419;33.3
2026-08-10T07:13:33.103;2026-08-10T01:13:33.103;32.8;2492545;0;21.77;-146.4;-17.558;8.3;-147.021;33.3
2026-08-10T07:15:33.125;2026-08-10T01:15:33.125;32.8;2496819;0;21.77;-146.4;-17.354;8.3;-146.625;33.3
2026-08-10T07:17:33.142;2026-08-10T01:17:33.142;32.5;2521459;0;21.77;-146.5;-17.149;8.3;-146.231;33.3
2026-08-10T07:19:33.107;2026-08-10T01:19:33.107;32.5;2556614;0;21.80;-146.5;-16.941;8.3;-145.838;33.3
2026-08-10T07:21:33.111;2026-08-10T01:21:33.111;32.5;2632339;0;21.83;-146.5;-16.731;8.3;-145.448;33.3
2026-08-10T07:23:33.102;2026-08-10T01:23:33.102;32.5;2780333;0;21.89;-146.5;-16.519;8.3;-145.058;33.3
2026-08-10T07:25:33.110;2026-08-10T01:25:33.110;32.2;2908179;1;21.94;-146.5;-16.305;8.3;-144.671;33.3
2026-08-10T07:27:33.132;2026-08-10T01:27:33.132;32.2;2910435;1;21.94;-146.6;-16.089;8.3;-144.285;33.3
2026-08-10T07:29:33.090;2026-08-10T01:29:33.090;32.2;2893145;0;21.94;-146.6;-15.871;8.3;-143.900;33.3
2026-08-10T07:31:33.093;2026-08-10T01:31:33.093;32.2;2876000;0;21.93;-146.6;-15.651;8.3;-143.518;33.3
2026-08-10T07:33:33.117;2026-08-10T01:33:33.117;31.9;2832227;0;21.91;-146.6;-15.428;8.2;-143.137;33.3
2026-08-10T07:35:33.100;2026-08-10T01:35:33.100;31.9;2963334;0;21.96;-146.6;-15.204;8.2;-142.758;33.3
2026-08-10T07:37:33.129;2026-08-10T01:37:33.129;31.9;3251694;0;22.07;-146.7;-14.978;8.2;-142.380;33.3
2026-08-10T07:39:33.119;2026-08-10T01:39:33.119;31.9;3286824;0;22.09;-146.7;-14.749;8.2;-142.004;33.3
2026-08-10T07:41:33.110;2026-08-10T01:41:33.110;31.9;3172082;0;22.04;-146.7;-14.519;8.2;-141.630;33.3
2026-08-10T07:43:33.100;2026-08-10T01:43:33.100;31.9;3226987;0;22.06;-146.7;-14.287;8.2;-141.257;33.3
2026-08-10T07:45:33.092;2026-08-10T01:45:33.092;31.9;3187829;0;22.04;-146.7;-14.053;8.2;-140.886;33.3
2026-08-10T07:47:33.114;2026-08-10T01:47:33.114;31.9;3246414;0;22.07;-146.8;-13.817;8.2;-140.517;33.3
2026-08-10T07:49:33.125;2026-08-10T01:49:33.125;31.9;3293493;0;22.09;-146.8;-13.579;8.2;-140.149;33.3
2026-08-10T07:51:33.091;2026-08-10T01:51:33.091;31.9;3285525;0;22.09;-146.8;-13.339;8.2;-139.783;33.3
2026-08-10T07:53:33.115;2026-08-10T01:53:33.115;31.9;3329068;0;22.10;-146.8;-13.098;8.2;-139.419;33.3
2026-08-10T07:55:33.093;2026-08-10T01:55:33.093;31.9;3717735;0;22.22;-146.8;-12.854;8.1;-139.056;33.3
2026-08-10T07:57:33.095;2026-08-10T01:57:33.095;31.9;4056246;0;22.32;-146.9;-12.609;8.1;-138.695;33.3
2026-08-10T07:59:33.134;2026-08-10T01:59:33.134;31.9;3907869;0;22.29;-146.9;-12.362;8.1;-138.335;33.3
2026-08-10T08:01:33.121;2026-08-10T02:01:33.121;31.9;3713402;0;22.22;-146.9;-12.113;8.1;-137.977;33.3
2026-08-10T08:03:33.117;2026-08-10T02:03:33.117;31.9;3730147;1;22.23;-146.9;-11.863;8.1;-137.621;33.3
2026-08-10T08:05:33.105;2026-08-10T02:05:33.105;31.9;3525824;0;22.16;-146.9;-11.610;8.1;-137.266;33.3
2026-08-10T08:07:33.097;2026-08-10T02:07:33.097;31.9;3325803;1;22.09;-146.9;-11.356;8.1;-136.913;33.3
2026-08-10T08:09:33.094;2026-08-10T02:09:33.094;31.9;3106001;0;22.02;-147.0;-11.101;8.1;-136.561;33.3
2026-08-10T08:11:33.115;2026-08-10T02:11:33.115;31.9;2972859;1;21.97;-147.0;-10.843;8.1;-136.211;33.3
2026-08-10T08:13:33.098;2026-08-10T02:13:33.098;31.9;2877017;1;21.93;-147.0;-10.584;8.1;-135.863;33.3
2026-08-10T08:15:33.099;2026-08-10T02:15:33.099;31.9;2965384;0;21.96;-147.0;-10.324;8.1;-135.516;33.3
2026-08-10T08:17:33.107;2026-08-10T02:17:33.107;31.9;3420193;0;22.13;-147.0;-10.061;8.0;-135.170;33.3
2026-08-10T08:19:33.098;2026-08-10T02:19:33.098;31.9;4072952;0;22.33;-147.1;-9.797;8.0;-134.826;33.3
2026-08-10T08:21:33.136;2026-08-10T02:21:33.136;31.9;4430034;0;22.43;-147.1;-9.532;8.0;-134.484;33.3
2026-08-10T08:23:33.097;2026-08-10T02:23:33.097;31.9;4450350;0;22.43;-147.1;-9.264;8.0;-134.143;33.3
2026-08-10T08:25:33.144;2026-08-10T02:25:33.144;31.9;4330101;0;22.41;-147.1;-8.996;8.0;-133.804;33.3
2026-08-10T08:27:33.114;2026-08-10T02:27:33.114;31.9;4236462;0;22.37;-147.1;-8.725;8.0;-133.466;33.3
2026-08-10T08:29:33.092;2026-08-10T02:29:33.092;31.9;4009440;0;22.31;-147.2;-8.454;8.0;-133.130;33.3
2026-08-10T08:31:33.138;2026-08-10T02:31:33.138;31.9;3721266;1;22.23;-147.2;-8.180;8.0;-132.795;33.3
2026-08-10T08:33:33.123;2026-08-10T02:33:33.123;31.9;3430873;0;22.13;-147.2;-7.905;8.0;-132.462;33.3
2026-08-10T08:35:33.100;2026-08-10T02:35:33.100;31.9;3036066;0;21.99;-147.2;-7.629;8.0;-132.130;33.3
2026-08-10T08:37:33.094;2026-08-10T02:37:33.094;31.9;2807160;0;21.90;-147.2;-7.351;8.0;-131.799;33.3
2026-08-10T08:39:33.094;2026-08-10T02:39:33.094;31.9;2614426;0;21.82;-147.3;-7.072;7.9;-131.470;33.3
2026-08-10T08:41:33.112;2026-08-10T02:41:33.112;31.9;2599545;0;21.81;-147.3;-6.791;7.9;-131.143;33.3
2026-08-10T08:43:33.093;2026-08-10T02:43:33.093;31.9;2602776;0;21.81;-147.3;-6.509;7.9;-130.816;33.3
2026-08-10T08:45:33.103;2026-08-10T02:45:33.103;31.9;2609755;0;21.82;-147.3;-6.226;7.9;-130.492;33.3
2026-08-10T08:47:33.106;2026-08-10T02:47:33.106;31.9;2644088;0;21.83;-147.3;-5.941;7.9;-130.168;33.3
2026-08-10T08:49:33.099;2026-08-10T02:49:33.099;31.9;2646298;0;21.83;-147.4;-5.654;7.9;-129.846;33.3
2026-08-10T08:51:33.108;2026-08-10T02:51:33.108;31.9;2662308;0;21.84;-147.4;-5.367;7.9;-129.526;33.3
2026-08-10T08:53:33.134;2026-08-10T02:53:33.134;31.9;2666026;0;21.84;-147.4;-5.078;7.9;-129.206;33.3
2026-08-10T08:55:33.102;2026-08-10T02:55:33.102;31.9;2655141;0;21.84;-147.4;-4.787;7.9;-128.889;33.3
2026-08-10T08:57:33.114;2026-08-10T02:57:33.114;31.9;2589571;0;21.81;-147.4;-4.496;7.9;-128.572;33.3
2026-08-10T08:59:33.093;2026-08-10T02:59:33.093;31.9;2684994;0;21.84;-147.4;-4.203;7.9;-128.257;33.3
2026-08-10T09:01:33.093;2026-08-10T03:01:33.093;31.9;2696970;0;21.85;-147.5;-3.908;7.8;-127.943;33.3
2026-08-10T09:03:33.096;2026-08-10T03:03:33.096;31.9;2643091;0;21.83;-147.5;-3.613;7.8;-127.630;33.3
2026-08-10T09:05:33.109;2026-08-10T03:05:33.109;31.9;2661316;0;21.84;-147.5;-3.316;7.8;-127.319;33.3
2026-08-10T09:07:33.107;2026-08-10T03:07:33.107;31.9;2693015;0;21.85;-147.5;-3.018;7.8;-127.009;33.3
2026-08-10T09:09:33.115;2026-08-10T03:09:33.115;31.9;2635845;0;21.83;-147.5;-2.719;7.8;-126.700;33.3
2026-08-10T09:11:33.110;2026-08-10T03:11:33.110;31.9;2680977;1;21.84;-147.6;-2.418;7.8;-126.392;33.3
2026-08-10T09:13:33.116;2026-08-10T03:13:33.116;31.5;2665884;0;21.84;-147.6;-2.116;7.8;-126.086;33.3
2026-08-10T09:15:33.097;2026-08-10T03:15:33.097;31.5;2733734;0;21.87;-147.6;-1.814;7.8;-125.781;33.3
2026-08-10T09:17:33.110;2026-08-10T03:17:33.110;31.5;2717688;0;21.86;-147.6;-1.509;7.8;-125.477;33.3
2026-08-10T09:19:33.101;2026-08-10T03:19:33.101;31.5;2721525;0;21.87;-147.6;-1.204;7.8;-125.174;33.3
2026-08-10T09:21:33.098;2026-08-10T03:21:33.098;31.5;2731629;0;21.87;-147.7;-0.898;7.8;-124.872;33.3
2026-08-10T09:23:33.113;2026-08-10T03:23:33.113;31.5;2726434;0;21.87;-147.7;-0.590;7.7;-124.572;33.3
2026-08-10T09:25:33.168;2026-08-10T03:25:33.168;31.2;2689985;1;21.85;-147.7;-0.281;7.7;-124.273;33.3
2026-08-10T09:27:33.097;2026-08-10T03:27:33.097;31.2;2702611;0;21.85;-147.7;0.028;7.7;-123.975;33.3
2026-08-10T09:29:33.104;2026-08-10T03:29:33.104;31.2;2693250;0;21.85;-147.7;0.339;7.7;-123.678;33.3
2026-08-10T09:31:33.099;2026-08-10T03:31:33.099;31.2;2687295;0;21.85;-147.8;0.651;7.7;-123.382;33.3
2026-08-10T09:33:33.116;2026-08-10T03:33:33.116;31.2;2667489;0;21.84;-147.8;0.964;7.7;-123.087;33.3
2026-08-10T09:35:33.119;2026-08-10T03:35:33.119;31.2;2647693;0;21.83;-147.8;1.279;7.7;-122.794;33.3
2026-08-10T09:37:33.122;2026-08-10T03:37:33.122;31.2;2680432;0;21.84;-147.8;1.594;7.7;-122.501;33.3
2026-08-10T09:39:33.105;2026-08-10T03:39:33.105;30.9;2688669;0;21.85;-147.8;1.910;7.7;-122.210;33.3
2026-08-10T09:41:33.108;2026-08-10T03:41:33.108;30.9;2672222;0;21.84;-147.8;2.227;7.7;-121.919;33.3
2026-08-10T09:43:33.102;2026-08-10T03:43:33.102;30.9;2675433;0;21.84;-147.9;2.546;7.7;-121.630;33.3
2026-08-10T09:45:33.100;2026-08-10T03:45:33.100;30.9;2690894;0;21.85;-147.9;2.865;7.6;-121.341;33.3
2026-08-10T09:47:33.144;2026-08-10T03:47:33.144;30.9;2659947;1;21.84;-147.9;3.185;7.6;-121.054;33.3
2026-08-10T09:49:33.106;2026-08-10T03:49:33.106;30.9;2646040;0;21.83;-147.9;3.507;7.6;-120.767;33.3
2026-08-10T09:51:33.107;2026-08-10T03:51:33.107;30.9;2687425;0;21.85;-147.9;3.829;7.6;-120.482;33.3
2026-08-10T09:53:33.112;2026-08-10T03:53:33.112;30.9;2688138;1;21.85;-148.0;4.152;7.6;-120.197;33.3
2026-08-10T09:55:33.112;2026-08-10T03:55:33.112;30.9;2688592;0;21.85;-148.0;4.476;7.6;-119.914;33.3
2026-08-10T09:57:33.131;2026-08-10T03:57:33.131;30.9;2688073;0;21.85;-148.0;4.801;7.6;-119.631;33.3
2026-08-10T09:59:33.100;2026-08-10T03:59:33.100;30.9;2698873;0;21.86;-148.0;5.128;7.6;-119.350;33.3
2026-08-10T10:01:33.099;2026-08-10T04:01:33.099;30.6;2696291;0;21.86;-148.0;5.454;7.6;-119.069;33.3
2026-08-10T10:03:33.102;2026-08-10T04:03:33.102;30.6;2696330;1;21.86;-148.1;5.782;7.6;-118.789;33.3
2026-08-10T10:05:33.098;2026-08-10T04:05:33.098;30.6;2687502;0;21.86;-148.1;6.111;7.6;-118.510;33.3
2026-08-10T10:07:33.107;2026-08-10T04:07:33.107;30.6;2706787;1;21.87;-148.1;6.441;7.6;-118.232;33.3
2026-08-10T10:09:33.110;2026-08-10T04:09:33.110;30.6;2587690;0;21.80;-148.1;6.771;7.5;-117.955;33.3
2026-08-10T10:11:33.094;2026-08-10T04:11:33.094;30.2;2696876;0;21.86;-148.1;7.103;7.5;-117.678;33.3
2026-08-10T10:13:33.119;2026-08-10T04:13:33.119;30.2;2720006;1;21.87;-148.2;7.435;7.5;-117.402;33.3
2026-08-10T10:15:33.104;2026-08-10T04:15:33.104;30.2;2690979;0;21.86;-148.2;7.768;7.5;-117.128;33.3
2026-08-10T10:17:33.094;2026-08-10T04:17:33.094;30.2;2701002;0;21.86;-148.2;8.102;7.5;-116.854;33.3
2026-08-10T10:19:33.130;2026-08-10T04:19:33.130;29.9;2660570;0;21.84;-148.2;8.437;7.5;-116.580;33.3
2026-08-10T10:21:33.097;2026-08-10T04:21:33.097;29.9;2692211;0;21.86;-148.2;8.772;7.5;-116.308;33.3
2026-08-10T10:23:33.098;2026-08-10T04:23:33.098;29.9;2672149;0;21.85;-148.3;9.109;7.5;-116.036;33.3
2026-08-10T10:25:33.102;2026-08-10T04:25:33.102;29.9;2664839;0;21.84;-148.3;9.446;7.5;-115.765;33.3
2026-08-10T10:27:33.122;2026-08-10T04:27:33.122;29.6;2676184;0;21.84;-148.3;9.784;7.5;-115.494;33.3
2026-08-10T10:29:33.136;2026-08-10T04:29:33.136;29.6;2688569;0;21.85;-148.3;10.122;7.5;-115.225;33.3
2026-08-10T10:31:33.114;2026-08-10T04:31:33.114;29.6;2624861;0;21.83;-148.3;10.462;7.4;-114.956;33.3
2026-08-10T10:33:33.110;2026-08-10T04:33:33.110;29.6;2470620;0;21.75;-148.3;10.802;7.4;-114.688;33.3
2026-08-10T10:35:33.108;2026-08-10T04:35:33.108;29.3;2518621;0;21.77;-148.4;11.143;7.4;-114.420;33.3
2026-08-10T10:37:33.105;2026-08-10T04:37:33.105;29.3;2594358;0;21.81;-148.4;11.485;7.4;-114.153;33.3
2026-08-10T10:39:33.101;2026-08-10T04:39:33.101;29.3;2576927;0;21.80;-148.4;11.827;7.4;-113.887;33.3
2026-08-10T10:41:33.110;2026-08-10T04:41:33.110;29.3;2540015;1;21.79;-148.4;12.170;7.4;-113.621;33.3
2026-08-10T10:43:33.095;2026-08-10T04:43:33.095;29.3;2499506;1;21.77;-148.4;12.514;7.4;-113.356;33.3
2026-08-10T10:45:33.097;2026-08-10T04:45:33.097;29.3;2456529;0;21.74;-148.5;12.859;7.4;-113.091;33.3
2026-08-10T10:47:33.107;2026-08-10T04:47:33.107;29.0;2380579;0;21.71;-148.5;13.204;7.4;-112.827;33.3
2026-08-10T10:49:33.105;2026-08-10T04:49:33.105;29.0;2281394;0;21.66;-148.5;13.550;7.4;-112.563;33.3
2026-08-10T10:51:33.136;2026-08-10T04:51:33.136;29.0;2179313;0;21.61;-148.5;13.896;7.4;-112.300;33.3
2026-08-10T10:53:33.096;2026-08-10T04:53:33.096;29.0;2055542;0;21.54;-148.5;14.244;7.3;-112.038;33.3
2026-08-10T10:55:33.126;2026-08-10T04:55:33.126;29.0;1893351;1;21.46;-148.6;14.591;7.3;-111.776;33.3
2026-08-10T10:57:33.096;2026-08-10T04:57:33.096;29.0;1696971;0;21.33;-148.6;14.940;7.3;-111.514;33.3
2026-08-10T10:59:33.093;2026-08-10T04:59:33.093;29.0;1502704;1;21.20;-148.6;15.289;7.3;-111.253;33.3
2026-08-10T11:01:33.124;2026-08-10T05:01:33.124;28.6;1288662;0;21.02;-148.6;15.639;7.3;-110.993;33.3
2026-08-10T11:03:33.118;2026-08-10T05:03:33.118;28.6;1089098;0;20.83;-148.6;15.990;7.3;-110.732;33.3
2026-08-10T11:05:33.093;2026-08-10T05:05:33.093;28.6;896966;1;20.62;-148.7;16.341;7.3;-110.473;33.3
2026-08-10T11:07:33.102;2026-08-10T05:07:33.102;28.6;719207;0;20.38;-148.7;16.692;7.3;-110.213;33.3
2026-08-10T11:09:33.108;2026-08-10T05:09:33.108;28.6;571160;1;20.13;-148.7;17.044;7.3;-109.954;33.3
2026-08-10T11:11:33.096;2026-08-10T05:11:33.096;28.3;445389;1;19.85;-148.7;17.397;7.3;-109.696;33.3
2026-08-10T11:13:33.126;2026-08-10T05:13:33.126;28.3;342691;1;19.57;-148.7;17.751;7.3;-109.437;33.3
2026-08-10T11:15:33.092;2026-08-10T05:15:33.092;28.3;261087;2;19.27;-148.8;18.105;7.3;-109.179;33.3
2026-08-10T11:17:33.114;2026-08-10T05:17:33.114;28.3;196958;3;18.97;-148.8;18.459;7.2;-108.922;33.3
2026-08-10T11:19:33.103;2026-08-10T05:19:33.103;28.3;147864;3;18.65;-148.8;18.814;7.2;-108.664;33.3
