# Light Pollution Monitoring Data Format 1.0
# URL: http://www.darksky.org/measurements
# Number of header lines: 37
# This data is released under the following license: ODbL 1.0 http://opendatacommons.org/licenses/odbl/summary/
# Device type: SQM-LE
# Instrument ID: Crestone
# Data supplier: 
# Location name: Crestone Colorado
# Position (lat, lon, elev(m)): 37.9979, -105.69884, 2452
# Local timezone: MST7MDT
# Time Synchronization: 
# Moving / Stationary position: STATIONARY
# Moving / Fixed look direction: FIXED
# Number of channels: 1
# Filters per channel: 
# Measurement direction per channel: 
# Field of view (degrees): 6
# Number of fields per line: 6
# SQM serial number: 6080
# SQM hardware identity: 0080A3F51677
# SQM firmware version: 4-3-79
# SQM cover offset value: 
# SQM readout test ix (Information): i,00000004,00000003,00000079,00006080
# SQM readout test rx (Reading): r, 00.00m,0000568635Hz,0000000000c,0000000.000s, 036.4C,D
# SQM readout test cx (Calibration): c,00000019.89m,0000238.774s, 024.1C,00000008.71m, 026.4C
# SQM readout test Ix (Report Interval): 0000000120s,0000000120s,00000018.00m,00000018.00m
# Comment: 
# Comment: 
# Comment: 
# Comment: 
# Comment: 
# UDM version: 1.0.0.352
# UDM setting: Logged continuously every 2 minutes,Threshold = 8 mpsas, Record limit = 1000.
# blank line
# UTC Date & Time, Local Date & Time, Temperature, Counts, Frequency, MSAS, MoonPhaseDeg, MoonElevDeg, MoonIllum, MoonAzimuth, Humidity
# YYYY-MM-DDTHH:mm:ss.fff;YYYY-MM-DDTHH:mm:ss.fff;Celsius;number;Hz;mag/arcsec^2;Degrees;Degrees;Percent;Degrees;Percent
# END OF HEADER
2026-08-01T02:13:55.128;2026-07-31T20:13:55.128;34.8;0;54362;8.06;-28.4;-13.896;94.0;-90.418;33.3
2026-08-01T02:15:55.107;2026-07-31T20:15:55.107;34.8;0;46449;8.23;-28.4;-13.509;94.0;-90.125;33.3
2026-08-01T02:17:55.145;2026-07-31T20:17:55.145;34.8;0;40944;8.37;-28.4;-13.121;94.0;-89.833;33.3
2026-08-01T02:19:55.122;2026-07-31T20:19:55.122;34.8;0;30080;8.70;-28.4;-12.734;94.0;-89.541;33.3
2026-08-01T02:21:55.107;2026-07-31T20:21:55.107;34.8;0;20880;9.10;-28.5;-12.347;94.0;-89.249;33.3
2026-08-01T02:23:55.128;2026-07-31T20:23:55.128;34.8;0;18877;9.21;-28.5;-11.959;94.0;-88.958;33.3
2026-08-01T02:25:55.121;2026-07-31T20:25:55.121;34.4;0;12419;9.66;-28.5;-11.572;93.9;-88.668;33.3
2026-08-01T02:27:55.099;2026-07-31T20:27:55.099;34.4;0;8057;10.13;-28.5;-11.185;93.9;-88.377;33.3
2026-08-01T02:29:55.101;2026-07-31T20:29:55.101;34.4;0;5599;10.53;-28.5;-10.797;93.9;-88.087;33.3
2026-08-01T02:31:55.109;2026-07-31T20:31:55.109;34.4;0;3473;11.04;-28.5;-10.410;93.9;-87.797;33.3
2026-08-01T02:33:55.124;2026-07-31T20:33:55.124;34.4;0;2095;11.60;-28.6;-10.023;93.9;-87.508;33.3
2026-08-01T02:35:55.118;2026-07-31T20:35:55.118;34.4;0;1386;12.04;-28.6;-9.636;93.9;-87.218;33.3
2026-08-01T02:37:55.138;2026-07-31T20:37:55.138;34.4;0;909;12.50;-28.6;-9.249;93.9;-86.929;33.3
2026-08-01T02:39:55.134;2026-07-31T20:39:55.134;34.4;0;588;12.97;-28.6;-8.862;93.9;-86.640;33.3
2026-08-01T02:41:55.121;2026-07-31T20:41:55.121;34.4;0;521;13.10;-28.6;-8.475;93.9;-86.351;33.3
2026-08-01T02:43:55.120;2026-07-31T20:43:55.120;34.4;0;338;13.57;-28.6;-8.089;93.9;-86.062;33.3
2026-08-01T02:45:55.145;2026-07-31T20:45:55.145;34.4;0;175;14.28;-28.6;-7.702;93.9;-85.774;33.3
2026-08-01T02:47:55.128;2026-07-31T20:47:55.128;34.4;3958;116;14.72;-28.7;-7.316;93.9;-85.485;33.3
2026-08-01T02:49:55.110;2026-07-31T20:49:55.110;34.4;4445;106;14.84;-28.7;-6.930;93.9;-85.196;33.3
2026-08-01T02:51:55.142;2026-07-31T20:51:55.142;34.1;6375;73;15.24;-28.7;-6.544;93.9;-84.908;33.3
2026-08-01T02:53:55.133;2026-07-31T20:53:55.133;34.1;8939;52;15.60;-28.7;-6.158;93.9;-84.619;33.3
2026-08-01T02:55:55.136;2026-07-31T20:55:55.136;34.1;14496;31;16.13;-28.7;-5.772;93.8;-84.330;33.3
2026-08-01T02:57:55.107;2026-07-31T20:57:55.107;34.1;20233;23;16.49;-28.7;-5.387;93.8;-84.042;33.3
2026-08-01T02:59:55.103;2026-07-31T20:59:55.103;34.1;25068;18;16.72;-28.8;-5.001;93.8;-83.753;33.3
2026-08-01T03:01:55.104;2026-07-31T21:01:55.104;34.1;47881;10;17.43;-28.8;-4.616;93.8;-83.464;33.3
2026-08-01T03:03:55.104;2026-07-31T21:03:55.104;34.1;67257;7;17.80;-28.8;-4.231;93.8;-83.175;33.3
2026-08-01T03:05:55.105;2026-07-31T21:05:55.105;34.1;89383;5;18.11;-28.8;-3.847;93.8;-82.886;33.3
2026-08-01T03:07:55.113;2026-07-31T21:07:55.113;34.1;129452;3;18.51;-28.8;-3.462;93.8;-82.596;33.3
2026-08-01T03:09:55.103;2026-07-31T21:09:55.103;34.1;172687;2;18.82;-28.8;-3.078;93.8;-82.306;33.3
2026-08-01T03:11:55.110;2026-07-31T21:11:55.110;34.1;228296;2;19.12;-28.9;-2.694;93.8;-82.017;33.3
2026-08-01T03:13:55.117;2026-07-31T21:13:55.117;34.1;298424;2;19.42;-28.9;-2.310;93.8;-81.726;33.3
2026-08-01T03:15:55.125;2026-07-31T21:15:55.125;34.1;385702;1;19.70;-28.9;-1.927;93.8;-81.436;33.3
2026-08-01T03:17:55.133;2026-07-31T21:17:55.133;34.1;414453;1;19.78;-28.9;-1.544;93.8;-81.145;33.3
2026-08-01T03:19:55.104;2026-07-31T21:19:55.104;34.1;496086;1;19.98;-28.9;-1.161;93.8;-80.854;33.3
2026-08-01T03:21:55.125;2026-07-31T21:21:55.125;34.1;739723;1;20.41;-28.9;-0.778;93.8;-80.562;33.3
2026-08-01T03:23:55.111;2026-07-31T21:23:55.111;34.1;897219;1;20.63;-29.0;-0.396;93.7;-80.270;33.3
2026-08-01T03:25:55.119;2026-07-31T21:25:55.119;34.1;1033447;1;20.78;-29.0;-0.014;93.7;-79.978;33.3
2026-08-01T03:27:55.134;2026-07-31T21:27:55.134;34.1;1189689;1;20.93;-29.0;0.367;93.7;-79.685;33.3
2026-08-01T03:29:55.103;2026-07-31T21:29:55.103;34.1;1332074;1;21.06;-29.0;0.749;93.7;-79.392;33.3
2026-08-01T03:31:55.117;2026-07-31T21:31:55.117;34.1;1359836;0;21.08;-29.0;1.129;93.7;-79.098;33.3
2026-08-01T03:33:55.111;2026-07-31T21:33:55.111;34.1;1392352;1;21.11;-29.0;1.510;93.7;-78.804;33.3
2026-08-01T03:35:55.092;2026-07-31T21:35:55.092;34.1;1421140;1;21.13;-29.1;1.890;93.7;-78.509;33.3
2026-08-01T03:37:55.112;2026-07-31T21:37:55.112;34.1;1406661;0;21.12;-29.1;2.270;93.7;-78.213;33.3
2026-08-01T03:39:55.095;2026-07-31T21:39:55.095;34.1;1383557;0;21.10;-29.1;2.649;93.7;-77.917;33.3
2026-08-01T03:41:55.105;2026-07-31T21:41:55.105;33.8;1251121;0;20.99;-29.1;3.028;93.7;-77.621;33.3
2026-08-01T03:43:55.100;2026-07-31T21:43:55.100;33.8;1033324;0;20.78;-29.1;3.407;93.7;-77.323;33.3
2026-08-01T03:45:55.100;2026-07-31T21:45:55.100;33.8;1162934;1;20.90;-29.1;3.785;93.7;-77.025;33.3
2026-08-01T03:47:55.104;2026-07-31T21:47:55.104;33.8;1183321;0;20.93;-29.2;4.163;93.7;-76.727;33.3
2026-08-01T03:49:55.105;2026-07-31T21:49:55.105;34.1;1233256;1;20.97;-29.2;4.540;93.7;-76.427;33.3
2026-08-01T03:51:55.110;2026-07-31T21:51:55.110;34.1;1140858;0;20.89;-29.2;4.917;93.7;-76.127;33.3
2026-08-01T03:53:55.127;2026-07-31T21:53:55.127;34.1;1123021;1;20.87;-29.2;5.293;93.6;-75.826;33.3
2026-08-01T03:55:55.094;2026-07-31T21:55:55.094;34.1;1081681;0;20.83;-29.2;5.669;93.6;-75.524;33.3
2026-08-01T03:57:55.100;2026-07-31T21:57:55.100;34.1;1023095;0;20.77;-29.2;6.044;93.6;-75.222;33.3
2026-08-01T03:59:55.105;2026-07-31T21:59:55.105;34.1;957676;0;20.70;-29.2;6.419;93.6;-74.918;33.3
2026-08-01T04:01:55.102;2026-07-31T22:01:55.102;34.1;1027352;0;20.77;-29.3;6.793;93.6;-74.614;33.3
2026-08-01T04:03:55.120;2026-07-31T22:03:55.120;34.1;981626;1;20.72;-29.3;7.167;93.6;-74.309;33.3
2026-08-01T04:05:55.111;2026-07-31T22:05:55.111;34.1;951152;1;20.69;-29.3;7.540;93.6;-74.003;33.3
2026-08-01T04:07:55.114;2026-07-31T22:07:55.114;34.1;892929;1;20.62;-29.3;7.913;93.6;-73.695;33.3
2026-08-01T04:09:55.137;2026-07-31T22:09:55.137;34.1;807283;1;20.51;-29.3;8.285;93.6;-73.387;33.3
2026-08-01T04:11:55.098;2026-07-31T22:11:55.098;34.1;756240;1;20.43;-29.3;8.656;93.6;-73.078;33.3
2026-08-01T04:13:55.111;2026-07-31T22:13:55.111;33.8;617958;1;20.21;-29.4;9.027;93.6;-72.768;33.3
2026-08-01T04:15:55.115;2026-07-31T22:15:55.115;33.8;697528;1;20.35;-29.4;9.398;93.6;-72.457;33.3
2026-08-01T04:17:55.110;2026-07-31T22:17:55.110;33.8;619961;1;20.22;-29.4;9.768;93.6;-72.144;33.3
2026-08-01T04:19:55.130;2026-07-31T22:19:55.130;33.8;504865;1;20.00;-29.4;10.137;93.6;-71.831;33.3
2026-08-01T04:21:55.109;2026-07-31T22:21:55.109;33.8;485812;1;19.95;-29.4;10.505;93.5;-71.516;33.3
2026-08-01T04:23:55.113;2026-07-31T22:23:55.113;33.8;524996;1;20.04;-29.4;10.873;93.5;-71.200;33.3
2026-08-01T04:25:55.110;2026-07-31T22:25:55.110;33.8;389744;1;19.71;-29.5;11.240;93.5;-70.883;33.3
2026-08-01T04:27:55.117;2026-07-31T22:27:55.117;33.8;314838;1;19.48;-29.5;11.607;93.5;-70.565;33.3
2026-08-01T04:29:55.101;2026-07-31T22:29:55.101;33.8;332041;1;19.54;-29.5;11.972;93.5;-70.246;33.3
2026-08-01T04:31:55.111;2026-07-31T22:31:55.111;33.8;312930;2;19.47;-29.5;12.337;93.5;-69.925;33.3
2026-08-01T04:33:55.110;2026-07-31T22:33:55.110;33.8;328155;2;19.53;-29.5;12.702;93.5;-69.603;33.3
2026-08-01T04:35:55.105;2026-07-31T22:35:55.105;33.8;341719;2;19.56;-29.5;13.065;93.5;-69.279;33.3
2026-08-01T04:37:55.111;2026-07-31T22:37:55.111;33.8;197710;3;18.97;-29.6;13.428;93.5;-68.954;33.3
2026-08-01T04:39:55.104;2026-07-31T22:39:55.104;33.8;192909;3;18.94;-29.6;13.790;93.5;-68.628;33.3
2026-08-01T04:41:55.134;2026-07-31T22:41:55.134;33.8;235114;2;19.16;-29.6;14.152;93.5;-68.300;33.3
2026-08-01T04:43:55.113;2026-07-31T22:43:55.113;33.8;204491;2;19.01;-29.6;14.512;93.5;-67.971;33.3
2026-08-01T04:45:55.119;2026-07-31T22:45:55.119;33.8;189116;2;18.92;-29.6;14.872;93.5;-67.640;33.3
2026-08-01T04:47:55.120;2026-07-31T22:47:55.120;33.8;197844;3;18.97;-29.6;15.231;93.5;-67.308;33.3
2026-08-01T04:49:55.100;2026-07-31T22:49:55.100;33.8;187110;2;18.91;-29.7;15.589;93.5;-66.974;33.3
2026-08-01T04:51:55.131;2026-07-31T22:51:55.131;33.8;247708;2;19.22;-29.7;15.946;93.4;-66.639;33.3
2026-08-01T04:53:55.105;2026-07-31T22:53:55.105;33.8;299471;1;19.43;-29.7;16.302;93.4;-66.302;33.3
2026-08-01T04:55:55.093;2026-07-31T22:55:55.093;33.8;465768;1;19.90;-29.7;16.658;93.4;-65.964;33.3
2026-08-01T04:57:55.100;2026-07-31T22:57:55.100;33.8;390872;1;19.71;-29.7;17.012;93.4;-65.623;33.3
2026-08-01T04:59:55.093;2026-07-31T22:59:55.093;33.8;208346;2;19.03;-29.7;17.366;93.4;-65.281;33.3
2026-08-01T05:01:55.118;2026-07-31T23:01:55.118;33.8;325348;1;19.51;-29.8;17.718;93.4;-64.938;33.3
2026-08-01T05:03:55.105;2026-07-31T23:03:55.105;33.8;334070;1;19.54;-29.8;18.070;93.4;-64.592;33.3
2026-08-01T05:05:55.129;2026-07-31T23:05:55.129;33.8;279278;2;19.35;-29.8;18.421;93.4;-64.245;33.3
2026-08-01T05:07:55.105;2026-07-31T23:07:55.105;33.8;249660;2;19.23;-29.8;18.771;93.4;-63.896;33.3
2026-08-01T05:09:55.096;2026-07-31T23:09:55.096;33.8;284171;1;19.36;-29.8;19.119;93.4;-63.545;33.3
2026-08-01T05:11:55.104;2026-07-31T23:11:55.104;33.8;323448;2;19.50;-29.8;19.467;93.4;-63.192;33.3
2026-08-01T05:13:55.142;2026-07-31T23:13:55.142;33.8;474027;1;19.93;-29.9;19.814;93.4;-62.837;33.3
2026-08-01T05:15:55.120;2026-07-31T23:15:55.120;33.8;212154;2;19.05;-29.9;20.159;93.4;-62.480;33.3
2026-08-01T05:17:55.117;2026-07-31T23:17:55.117;33.8;221812;2;19.09;-29.9;20.504;93.4;-62.122;33.3
2026-08-01T05:19:55.107;2026-07-31T23:19:55.107;33.8;210277;2;19.03;-29.9;20.847;93.3;-61.761;33.3
2026-08-01T05:21:55.102;2026-07-31T23:21:55.102;33.8;224690;2;19.11;-29.9;21.189;93.3;-61.398;33.3
2026-08-01T05:23:55.132;2026-07-31T23:23:55.132;33.8;224800;2;19.11;-29.9;21.530;93.3;-61.033;33.3
2026-08-01T05:25:55.094;2026-07-31T23:25:55.094;33.8;193010;3;18.94;-29.9;21.870;93.3;-60.666;33.3
2026-08-01T05:27:55.101;2026-07-31T23:27:55.101;33.5;171901;2;18.81;-30.0;22.209;93.3;-60.297;33.3
2026-08-01T05:29:55.104;2026-07-31T23:29:55.104;33.5;174678;3;18.83;-30.0;22.547;93.3;-59.925;33.3
2026-08-01T05:31:55.104;2026-07-31T23:31:55.104;33.5;195962;2;18.96;-30.0;22.883;93.3;-59.552;33.3
2026-08-01T05:33:55.114;2026-07-31T23:33:55.114;33.5;212247;2;19.05;-30.0;23.218;93.3;-59.176;33.3
2026-08-01T05:35:55.104;2026-07-31T23:35:55.104;33.1;253520;2;19.24;-30.0;23.552;93.3;-58.798;33.3
2026-08-01T05:37:55.124;2026-07-31T23:37:55.124;33.1;268860;2;19.31;-30.0;23.885;93.3;-58.417;33.3
2026-08-01T05:39:55.113;2026-07-31T23:39:55.113;33.1;248689;1;19.22;-30.1;24.216;93.3;-58.034;33.3
2026-08-01T05:41:55.117;2026-07-31T23:41:55.117;32.8;264079;2;19.28;-30.1;24.546;93.3;-57.649;33.3
2026-08-01T05:43:55.097;2026-07-31T23:43:55.097;32.8;280333;1;19.35;-30.1;24.874;93.3;-57.261;33.3
2026-08-01T05:45:55.104;2026-07-31T23:45:55.104;32.8;278397;2;19.34;-30.1;25.201;93.3;-56.871;33.3
2026-08-01T05:47:55.101;2026-07-31T23:47:55.101;32.5;273490;2;19.32;-30.1;25.527;93.2;-56.479;33.3
2026-08-01T05:49:55.128;2026-07-31T23:49:55.128;32.5;268790;1;19.31;-30.1;25.851;93.2;-56.084;33.3
2026-08-01T05:51:55.109;2026-07-31T23:51:55.109;32.2;291780;2;19.39;-30.2;26.174;93.2;-55.686;33.3
2026-08-01T05:53:55.115;2026-07-31T23:53:55.115;32.2;267907;2;19.30;-30.2;26.496;93.2;-55.286;33.3
2026-08-01T05:55:55.111;2026-07-31T23:55:55.111;32.2;265852;2;19.29;-30.2;26.815;93.2;-54.883;33.3
2026-08-01T05:57:55.101;2026-07-31T23:57:55.101;31.9;256186;2;19.26;-30.2;27.134;93.2;-54.477;33.3
2026-08-01T05:59:55.106;2026-07-31T23:59:55.106;31.9;228375;2;19.13;-30.2;27.451;93.2;-54.069;33.3
2026-08-01T06:01:55.096;2026-08-01T00:01:55.096;31.9;249540;2;19.23;-30.2;27.766;93.2;-53.658;33.3
2026-08-01T06:03:55.109;2026-08-01T00:03:55.109;31.5;260132;2;19.28;-30.3;28.079;93.2;-53.244;33.3
2026-08-01T06:05:55.136;2026-08-01T00:05:55.136;31.5;259113;2;19.27;-30.3;28.391;93.2;-52.827;33.3
2026-08-01T06:07:55.106;2026-08-01T00:07:55.106;31.5;250547;2;19.23;-30.3;28.702;93.2;-52.408;33.3
2026-08-01T06:09:55.095;2026-08-01T00:09:55.095;31.2;238053;2;19.18;-30.3;29.010;93.2;-51.985;33.3
2026-08-01T06:11:55.100;2026-08-01T00:11:55.100;31.2;234148;2;19.16;-30.3;29.317;93.2;-51.560;33.3
2026-08-01T06:13:55.111;2026-08-01T00:13:55.111;31.2;242700;2;19.20;-30.3;29.622;93.2;-51.132;33.3
2026-08-01T06:15:55.137;2026-08-01T00:15:55.137;30.9;244745;2;19.21;-30.4;29.926;93.1;-50.701;33.3
2026-08-01T06:17:55.114;2026-08-01T00:17:55.114;30.9;255323;1;19.25;-30.4;30.227;93.1;-50.267;33.3
2026-08-01T06:19:55.108;2026-08-01T00:19:55.108;30.9;242750;1;19.20;-30.4;30.527;93.1;-49.829;33.3
2026-08-01T06:21:55.117;2026-08-01T00:21:55.117;30.6;241984;2;19.20;-30.4;30.825;93.1;-49.389;33.3
2026-08-01T06:23:55.108;2026-08-01T00:23:55.108;30.6;253416;1;19.24;-30.4;31.121;93.1;-48.946;33.3
2026-08-01T06:25:55.100;2026-08-01T00:25:55.100;30.6;262025;2;19.28;-30.4;31.415;93.1;-48.499;33.3
2026-08-01T06:27:55.093;2026-08-01T00:27:55.093;30.6;262166;2;19.28;-30.5;31.707;93.1;-48.049;33.3
2026-08-01T06:29:55.107;2026-08-01T00:29:55.107;30.2;270738;1;19.32;-30.5;31.997;93.1;-47.596;33.3
2026-08-01T06:31:55.110;2026-08-01T00:31:55.110;30.2;269013;2;19.31;-30.5;32.285;93.1;-47.140;33.3
2026-08-01T06:33:55.104;2026-08-01T00:33:55.104;30.2;265075;2;19.29;-30.5;32.571;93.1;-46.681;33.3
2026-08-01T06:35:55.110;2026-08-01T00:35:55.110;29.9;260199;2;19.28;-30.5;32.855;93.1;-46.218;33.3
2026-08-01T06:37:55.135;2026-08-01T00:37:55.135;29.9;255496;2;19.25;-30.5;33.137;93.1;-45.752;33.3
2026-08-01T06:39:55.124;2026-08-01T00:39:55.124;29.9;254370;2;19.25;-30.6;33.416;93.1;-45.283;33.3
2026-08-01T06:41:55.113;2026-08-01T00:41:55.113;29.9;254310;2;19.25;-30.6;33.694;93.1;-44.810;33.3
2026-08-01T06:43:55.098;2026-08-01T00:43:55.098;29.6;252417;2;19.23;-30.6;33.969;93.0;-44.334;33.3
2026-08-01T06:45:55.099;2026-08-01T00:45:55.099;29.6;249507;2;19.22;-30.6;34.242;93.0;-43.854;33.3
2026-08-01T06:47:55.151;2026-08-01T00:47:55.151;29.6;245796;1;19.21;-30.6;34.513;93.0;-43.371;33.3
2026-08-01T06:49:55.110;2026-08-01T00:49:55.110;29.6;244674;1;19.20;-30.6;34.781;93.0;-42.885;33.3
2026-08-01T06:51:55.090;2026-08-01T00:51:55.090;29.3;243905;1;19.20;-30.6;35.047;93.0;-42.395;33.3
2026-08-01T06:53:55.111;2026-08-01T00:53:55.111;29.3;241876;2;19.19;-30.7;35.311;93.0;-41.901;33.3
2026-08-01T06:55:55.112;2026-08-01T00:55:55.112;29.3;239183;2;19.18;-30.7;35.572;93.0;-41.404;33.3
2026-08-01T06:57:55.092;2026-08-01T00:57:55.092;29.3;241004;1;19.19;-30.7;35.830;93.0;-40.903;33.3
2026-08-01T06:59:55.108;2026-08-01T00:59:55.108;29.0;239188;2;19.18;-30.7;36.087;93.0;-40.399;33.3
2026-08-01T07:01:55.091;2026-08-01T01:01:55.091;29.0;239119;2;19.18;-30.7;36.340;93.0;-39.891;33.3
2026-08-01T07:03:55.101;2026-08-01T01:03:55.101;29.0;237135;2;19.17;-30.7;36.591;93.0;-39.379;33.3
2026-08-01T07:05:55.101;2026-08-01T01:05:55.101;29.0;235217;2;19.16;-30.8;36.840;93.0;-38.864;33.3
2026-08-01T07:07:55.105;2026-08-01T01:07:55.105;29.0;233250;2;19.15;-30.8;37.086;93.0;-38.345;33.3
2026-08-01T07:09:55.132;2026-08-01T01:09:55.132;28.6;232249;2;19.15;-30.8;37.329;93.0;-37.823;33.3
2026-08-01T07:11:56.111;2026-08-01T01:11:56.111;28.6;230431;2;19.14;-30.8;37.571;92.9;-37.292;33.3
2026-08-01T07:13:56.101;2026-08-01T01:13:56.101;28.6;229432;2;19.14;-30.8;37.809;92.9;-36.762;33.3
2026-08-01T07:15:56.127;2026-08-01T01:15:56.127;28.6;227601;2;19.13;-30.8;38.043;92.9;-36.228;33.3
2026-08-01T07:17:56.124;2026-08-01T01:17:56.124;28.6;229453;2;19.14;-30.9;38.275;92.9;-35.691;33.3
2026-08-01T07:19:56.121;2026-08-01T01:19:56.121;28.6;230379;2;19.14;-30.9;38.504;92.9;-35.150;33.3
2026-08-01T07:21:56.117;2026-08-01T01:21:56.117;28.3;229409;2;19.14;-30.9;38.730;92.9;-34.605;33.3
2026-08-01T07:23:56.098;2026-08-01T01:23:56.098;28.3;228445;2;19.13;-30.9;38.953;92.9;-34.056;33.3
2026-08-01T07:25:56.109;2026-08-01T01:25:56.109;28.3;227507;2;19.13;-30.9;39.173;92.9;-33.504;33.3
2026-08-01T07:27:56.108;2026-08-01T01:27:56.108;28.3;227474;2;19.13;-30.9;39.390;92.9;-32.947;33.3
2026-08-01T07:29:56.109;2026-08-01T01:29:56.109;28.3;226426;2;19.12;-31.0;39.604;92.9;-32.388;33.3
2026-08-01T07:31:56.116;2026-08-01T01:31:56.116;28.3;228333;2;19.13;-31.0;39.815;92.9;-31.824;33.3
2026-08-01T07:33:56.125;2026-08-01T01:33:56.125;28.3;192888;3;18.95;-31.0;40.022;92.9;-31.257;33.3
2026-08-01T07:35:56.104;2026-08-01T01:35:56.104;28.0;191016;3;18.93;-31.0;40.226;92.9;-30.685;33.3
2026-08-01T07:37:56.104;2026-08-01T01:37:56.104;28.0;190009;3;18.93;-31.0;40.427;92.8;-30.111;33.3
2026-08-01T07:39:56.097;2026-08-01T01:39:56.097;28.0;187148;3;18.91;-31.0;40.625;92.8;-29.532;33.3
2026-08-01T07:41:56.094;2026-08-01T01:41:56.094;28.0;187121;2;18.91;-31.1;40.820;92.8;-28.950;33.3
2026-08-01T07:43:56.105;2026-08-01T01:43:56.105;28.0;185274;3;18.90;-31.1;41.011;92.8;-28.364;33.3
2026-08-01T07:45:56.104;2026-08-01T01:45:56.104;27.7;184277;3;18.89;-31.1;41.198;92.8;-27.775;33.3
2026-08-01T07:47:56.105;2026-08-01T01:47:56.105;27.7;181436;2;18.88;-31.1;41.382;92.8;-27.182;33.3
2026-08-01T07:49:56.129;2026-08-01T01:49:56.129;27.7;178535;3;18.86;-31.1;41.563;92.8;-26.585;33.3
2026-08-01T07:51:56.114;2026-08-01T01:51:56.114;27.7;175753;2;18.84;-31.1;41.740;92.8;-25.985;33.3
2026-08-01T07:53:56.103;2026-08-01T01:53:56.103;27.7;173945;2;18.83;-31.2;41.913;92.8;-25.381;33.3
2026-08-01T07:55:56.108;2026-08-01T01:55:56.108;27.7;173847;3;18.83;-31.2;42.083;92.8;-24.774;33.3
2026-08-01T07:57:56.097;2026-08-01T01:57:56.097;27.3;174790;3;18.83;-31.2;42.249;92.8;-24.163;33.3
2026-08-01T07:59:56.110;2026-08-01T01:59:56.110;27.3;174698;3;18.83;-31.2;42.412;92.8;-23.549;33.3
2026-08-01T08:01:56.125;2026-08-01T02:01:56.125;27.3;175667;3;18.84;-31.2;42.570;92.8;-22.931;33.3
2026-08-01T08:03:56.100;2026-08-01T02:03:56.100;27.3;176537;3;18.85;-31.2;42.725;92.8;-22.311;33.3
2026-08-01T08:05:56.113;2026-08-01T02:05:56.113;27.3;176624;2;18.85;-31.3;42.876;92.7;-21.686;33.3
2026-08-01T08:07:56.113;2026-08-01T02:07:56.113;27.3;176560;3;18.85;-31.3;43.024;92.7;-21.059;33.3
2026-08-01T08:09:56.117;2026-08-01T02:09:56.117;27.3;175553;3;18.84;-31.3;43.167;92.7;-20.428;33.3
2026-08-01T08:11:56.137;2026-08-01T02:11:56.137;27.3;173601;3;18.83;-31.3;43.306;92.7;-19.795;33.3
2026-08-01T08:13:56.116;2026-08-01T02:13:56.116;27.3;170731;3;18.81;-31.3;43.442;92.7;-19.158;33.3
2026-08-01T08:15:56.104;2026-08-01T02:15:56.104;27.0;169914;3;18.80;-31.3;43.573;92.7;-18.518;33.3
2026-08-01T08:17:56.125;2026-08-01T02:17:56.125;27.0;168895;3;18.80;-31.3;43.701;92.7;-17.875;33.3
2026-08-01T08:19:56.103;2026-08-01T02:19:56.103;27.0;167860;3;18.79;-31.4;43.824;92.7;-17.230;33.3
2026-08-01T08:21:56.110;2026-08-01T02:21:56.110;27.0;166965;3;18.79;-31.4;43.943;92.7;-16.581;33.3
2026-08-01T08:23:56.106;2026-08-01T02:23:56.106;27.0;165053;3;18.78;-31.4;44.058;92.7;-15.930;33.3
2026-08-01T08:25:56.098;2026-08-01T02:25:56.098;27.0;163184;3;18.76;-31.4;44.169;92.7;-15.277;33.3
2026-08-01T08:27:56.100;2026-08-01T02:27:56.100;27.0;163202;3;18.76;-31.4;44.276;92.7;-14.620;33.3
2026-08-01T08:29:56.105;2026-08-01T02:29:56.105;27.0;161233;3;18.75;-31.4;44.378;92.7;-13.961;33.3
2026-08-01T08:31:56.110;2026-08-01T02:31:56.110;27.0;160307;3;18.74;-31.5;44.476;92.6;-13.300;33.3
2026-08-01T08:33:56.140;2026-08-01T02:33:56.140;27.0;159351;3;18.73;-31.5;44.570;92.6;-12.636;33.3
2026-08-01T08:35:56.121;2026-08-01T02:35:56.121;26.7;157288;3;18.72;-31.5;44.660;92.6;-11.971;33.3
2026-08-01T08:37:56.092;2026-08-01T02:37:56.092;26.7;146914;3;18.65;-31.5;44.745;92.6;-11.303;33.3
2026-08-01T08:39:56.105;2026-08-01T02:39:56.105;26.7;140115;3;18.59;-31.5;44.826;92.6;-10.633;33.3
2026-08-01T08:41:56.111;2026-08-01T02:41:56.111;26.7;122834;4;18.45;-31.5;44.902;92.6;-9.961;33.3
2026-08-01T08:43:56.119;2026-08-01T02:43:56.119;26.7;93142;5;18.15;-31.6;44.974;92.6;-9.287;33.3
2026-08-01T08:45:56.127;2026-08-01T02:45:56.127;26.7;88243;5;18.09;-31.6;45.042;92.6;-8.611;33.3
2026-08-01T08:47:56.112;2026-08-01T02:47:56.112;26.7;94111;5;18.16;-31.6;45.105;92.6;-7.934;33.3
2026-08-01T08:49:56.124;2026-08-01T02:49:56.124;26.7;118087;4;18.41;-31.6;45.163;92.6;-7.255;33.3
2026-08-01T08:51:56.107;2026-08-01T02:51:56.107;26.7;147858;3;18.66;-31.6;45.218;92.6;-6.575;33.3
2026-08-01T08:53:56.104;2026-08-01T02:53:56.104;26.7;152823;3;18.69;-31.6;45.267;92.6;-5.894;33.3
2026-08-01T08:55:56.122;2026-08-01T02:55:56.122;26.4;155552;3;18.71;-31.7;45.312;92.6;-5.211;33.3
2026-08-01T08:57:56.108;2026-08-01T02:57:56.108;26.4;155459;3;18.71;-31.7;45.353;92.6;-4.527;33.3
2026-08-01T08:59:56.116;2026-08-01T02:59:56.116;26.4;154509;3;18.70;-31.7;45.389;92.5;-3.842;33.3
2026-08-01T09:01:56.104;2026-08-01T03:01:56.104;26.4;155534;3;18.71;-31.7;45.421;92.5;-3.156;33.3
2026-08-01T09:03:56.104;2026-08-01T03:03:56.104;26.4;156445;3;18.71;-31.7;45.447;92.5;-2.470;33.3
2026-08-01T09:05:56.159;2026-08-01T03:05:56.159;26.4;157463;3;18.72;-31.7;45.470;92.5;-1.783;33.3
2026-08-01T09:07:56.094;2026-08-01T03:07:56.094;26.4;158344;2;18.73;-31.8;45.488;92.5;-1.095;33.3
2026-08-01T09:09:56.108;2026-08-01T03:09:56.108;26.4;158309;3;18.73;-31.8;45.501;92.5;-0.407;33.3
2026-08-01T09:11:56.092;2026-08-01T03:11:56.092;26.4;157430;3;18.72;-31.8;45.509;92.5;0.281;33.3
2026-08-01T09:13:56.106;2026-08-01T03:13:56.106;26.4;156463;3;18.71;-31.8;45.513;92.5;0.970;33.3
2026-08-01T09:15:56.102;2026-08-01T03:15:56.102;26.4;156496;3;18.71;-31.8;45.513;92.5;1.658;33.3
2026-08-01T09:17:56.114;2026-08-01T03:17:56.114;26.4;157430;3;18.72;-31.8;45.507;92.5;2.347;33.3
2026-08-01T09:19:56.131;2026-08-01T03:19:56.131;26.4;158440;3;18.73;-31.9;45.498;92.5;3.035;33.3
2026-08-01T09:21:56.102;2026-08-01T03:21:56.102;26.1;158431;3;18.73;-31.9;45.483;92.5;3.723;33.3
2026-08-01T09:23:56.103;2026-08-01T03:23:56.103;26.1;158365;3;18.73;-31.9;45.464;92.5;4.411;33.3
2026-08-01T09:25:56.119;2026-08-01T03:25:56.119;26.1;158335;2;18.73;-31.9;45.441;92.4;5.098;33.3
2026-08-01T09:27:56.142;2026-08-01T03:27:56.142;26.1;158319;2;18.73;-31.9;45.412;92.4;5.784;33.3
2026-08-01T09:29:56.115;2026-08-01T03:29:56.115;26.1;160250;3;18.74;-31.9;45.380;92.4;6.470;33.3
2026-08-01T09:31:56.097;2026-08-01T03:31:56.097;26.1;160294;3;18.74;-32.0;45.342;92.4;7.155;33.3
2026-08-01T09:33:56.109;2026-08-01T03:33:56.109;26.1;161234;3;18.75;-32.0;45.301;92.4;7.838;33.3
2026-08-01T09:35:56.092;2026-08-01T03:35:56.092;26.1;162128;3;18.76;-32.0;45.254;92.4;8.521;33.3
2026-08-01T09:37:56.132;2026-08-01T03:37:56.132;26.1;162206;2;18.76;-32.0;45.203;92.4;9.202;33.3
2026-08-01T09:39:56.096;2026-08-01T03:39:56.096;26.1;163159;3;18.76;-32.0;45.148;92.4;9.882;33.3
2026-08-01T09:41:56.106;2026-08-01T03:41:56.106;26.1;162171;3;18.76;-32.0;45.088;92.4;10.561;33.3
2026-08-01T09:43:56.107;2026-08-01T03:43:56.107;26.1;162255;3;18.76;-32.1;45.024;92.4;11.238;33.3
2026-08-01T09:45:56.106;2026-08-01T03:45:56.106;26.1;162196;2;18.76;-32.1;44.955;92.4;11.914;33.3
2026-08-01T09:47:56.107;2026-08-01T03:47:56.107;26.1;163111;3;18.76;-32.1;44.882;92.4;12.587;33.3
2026-08-01T09:49:56.120;2026-08-01T03:49:56.120;25.7;163138;3;18.76;-32.1;44.805;92.4;13.259;33.3
2026-08-01T09:51:56.096;2026-08-01T03:51:56.096;25.7;164033;2;18.77;-32.1;44.723;92.3;13.929;33.3
2026-08-01T09:53:56.117;2026-08-01T03:53:56.117;25.7;164193;2;18.77;-32.1;44.636;92.3;14.597;33.3
2026-08-01T09:55:56.095;2026-08-01T03:55:56.095;25.7;165123;3;18.78;-32.1;44.546;92.3;15.263;33.3
2026-08-01T09:57:56.091;2026-08-01T03:57:56.091;25.7;166017;3;18.78;-32.2;44.451;92.3;15.926;33.3
2026-08-01T09:59:56.146;2026-08-01T03:59:56.146;25.7;166013;3;18.78;-32.2;44.352;92.3;16.588;33.3
2026-08-01T10:01:56.099;2026-08-01T04:01:56.099;25.7;166183;3;18.78;-32.2;44.248;92.3;17.246;33.3
2026-08-01T10:03:56.110;2026-08-01T04:03:56.110;25.7;168015;3;18.80;-32.2;44.141;92.3;17.903;33.3
2026-08-01T10:05:56.112;2026-08-01T04:05:56.112;25.7;168966;2;18.80;-32.2;44.029;92.3;18.556;33.3
2026-08-01T10:07:56.105;2026-08-01T04:07:56.105;25.7;170802;2;18.81;-32.2;43.913;92.3;19.207;33.3
2026-08-01T10:09:56.174;2026-08-01T04:09:56.174;25.7;171796;2;18.81;-32.3;43.793;92.3;19.856;33.3
2026-08-01T10:11:56.106;2026-08-01T04:11:56.106;25.7;173738;3;18.83;-32.3;43.669;92.3;20.501;33.3
2026-08-01T10:13:56.118;2026-08-01T04:13:56.118;25.7;174657;2;18.83;-32.3;43.541;92.3;21.144;33.3
2026-08-01T10:15:56.103;2026-08-01T04:15:56.103;25.7;174807;3;18.83;-32.3;43.408;92.3;21.784;33.3
2026-08-01T10:17:56.103;2026-08-01T04:17:56.103;25.7;175718;3;18.84;-32.3;43.272;92.3;22.421;33.3
2026-08-01T10:19:56.114;2026-08-01T04:19:56.114;25.7;177518;3;18.86;-32.3;43.132;92.2;23.055;33.3
2026-08-01T10:21:56.097;2026-08-01T04:21:56.097;25.7;178507;3;18.86;-32.4;42.988;92.2;23.685;33.3
2026-08-01T10:23:56.125;2026-08-01T04:23:56.125;25.7;179559;3;18.87;-32.4;42.840;92.2;24.313;33.3
2026-08-01T10:25:56.091;2026-08-01T04:25:56.091;25.7;180484;3;18.88;-32.4;42.689;92.2;24.937;33.3
2026-08-01T10:27:56.115;2026-08-01T04:27:56.115;25.7;181402;3;18.88;-32.4;42.533;92.2;25.558;33.3
2026-08-01T10:29:56.117;2026-08-01T04:29:56.117;25.7;182455;3;18.89;-32.4;42.374;92.2;26.176;33.3
2026-08-01T10:31:56.123;2026-08-01T04:31:56.123;25.7;183243;2;18.89;-32.4;42.211;92.2;26.790;33.3
2026-08-01T10:33:56.105;2026-08-01T04:33:56.105;25.7;185265;2;18.90;-32.5;42.044;92.2;27.401;33.3
2026-08-01T10:35:56.125;2026-08-01T04:35:56.125;25.7;186303;3;18.91;-32.5;41.874;92.2;28.009;33.3
2026-08-01T10:37:56.102;2026-08-01T04:37:56.102;25.7;188070;3;18.92;-32.5;41.700;92.2;28.613;33.3
2026-08-01T10:39:56.110;2026-08-01T04:39:56.110;25.4;189025;3;18.92;-32.5;41.522;92.2;29.213;33.3
2026-08-01T10:41:56.124;2026-08-01T04:41:56.124;25.4;190013;2;18.93;-32.5;41.342;92.2;29.810;33.3
2026-08-01T10:43:56.113;2026-08-01T04:43:56.113;25.4;190062;2;18.93;-32.5;41.157;92.2;30.404;33.3
2026-08-01T10:45:56.099;2026-08-01T04:45:56.099;25.4;189096;3;18.92;-32.6;40.969;92.1;30.994;33.3
2026-08-01T10:47:56.126;2026-08-01T04:47:56.126;25.4;187248;2;18.91;-32.6;40.778;92.1;31.580;33.3
2026-08-01T10:49:56.125;2026-08-01T04:49:56.125;25.4;186259;3;18.91;-32.6;40.583;92.1;32.163;33.3
2026-08-01T10:51:56.123;2026-08-01T04:51:56.123;25.4;183382;3;18.89;-32.6;40.385;92.1;32.742;33.3
2026-08-01T10:53:56.098;2026-08-01T04:53:56.098;25.4;178591;2;18.86;-32.6;40.184;92.1;33.318;33.3
2026-08-01T10:55:56.093;2026-08-01T04:55:56.093;25.4;174753;3;18.83;-32.6;39.980;92.1;33.889;33.3
2026-08-01T10:57:56.095;2026-08-01T04:57:56.095;25.4;167987;3;18.80;-32.7;39.772;92.1;34.458;33.3
2026-08-01T10:59:56.113;2026-08-01T04:59:56.113;25.4;158469;3;18.73;-32.7;39.562;92.1;35.022;33.3
2026-08-01T11:01:56.100;2026-08-01T05:01:56.100;25.4;147864;3;18.66;-32.7;39.348;92.1;35.583;33.3
2026-08-01T11:03:56.133;2026-08-01T05:03:56.133;25.4;135369;4;18.56;-32.7;39.131;92.1;36.140;33.3
2026-08-01T11:05:56.104;2026-08-01T05:05:56.104;25.4;121863;4;18.45;-32.7;38.911;92.1;36.693;33.3
2026-08-01T11:07:56.108;2026-08-01T05:07:56.108;25.4;106506;4;18.30;-32.7;38.688;92.1;37.243;33.3
2026-08-01T11:09:56.103;2026-08-01T05:09:56.103;25.4;90280;5;18.12;-32.8;38.462;92.1;37.789;33.3
2026-08-01T11:11:56.120;2026-08-01T05:11:56.120;25.4;75780;6;17.93;-32.8;38.233;92.0;38.331;33.3
2026-08-01T11:13:56.121;2026-08-01T05:13:56.121;25.4;61418;7;17.70;-32.8;38.002;92.0;38.870;33.3
2026-08-01T11:15:56.142;2026-08-01T05:15:56.142;25.4;48917;9;17.46;-32.8;37.767;92.0;39.405;33.3
2026-08-01T11:17:56.097;2026-08-01T05:17:56.097;25.4;38219;12;17.19;-32.8;37.530;92.0;39.937;33.3
2026-08-01T11:19:56.098;2026-08-01T05:19:56.098;25.4;28792;16;16.88;-32.8;37.290;92.0;40.464;33.3
2026-08-01T11:21:56.103;2026-08-01T05:21:56.103;25.4;21263;21;16.55;-32.9;37.048;92.0;40.988;33.3
2026-08-01T11:23:56.125;2026-08-01T05:23:56.125;25.4;15492;29;16.21;-32.9;36.802;92.0;41.509;33.3
2026-08-01T11:25:56.117;2026-08-01T05:25:56.117;25.4;10790;42;15.81;-32.9;36.554;92.0;42.026;33.3
2026-08-01T11:27:56.113;2026-08-01T05:27:56.113;25.4;7531;61;15.42;-32.9;36.304;92.0;42.539;33.3
2026-08-01T11:29:56.113;2026-08-01T05:29:56.113;25.4;5040;92;14.98;-32.9;36.051;92.0;43.049;33.3
2026-08-01T11:31:56.112;2026-08-01T05:31:56.112;25.4;0;140;14.53;-32.9;35.795;92.0;43.555;33.3
2026-08-01T11:33:56.155;2026-08-01T05:33:56.155;25.1;0;217;14.05;-32.9;35.537;92.0;44.057;33.3
2026-08-01T11:35:56.118;2026-08-01T05:35:56.118;25.1;0;336;13.58;-33.0;35.277;92.0;44.557;33.3
2026-08-01T11:37:56.101;2026-08-01T05:37:56.101;25.1;0;518;13.11;-33.0;35.014;91.9;45.052;33.3
2026-08-01T11:39:56.129;2026-08-01T05:39:56.129;25.1;0;804;12.63;-33.0;34.749;91.9;45.544;33.3
2026-08-01T11:41:56.123;2026-08-01T05:41:56.123;25.1;0;1235;12.17;-33.0;34.481;91.9;46.033;33.3
2026-08-01T11:43:56.095;2026-08-01T05:43:56.095;25.1;0;1881;11.71;-33.0;34.211;91.9;46.518;33.3
2026-08-01T11:45:56.108;2026-08-01T05:45:56.108;25.1;0;2886;11.24;-33.0;33.939;91.9;47.000;33.3
2026-08-01T11:47:56.103;2026-08-01T05:47:56.103;25.1;0;4350;10.80;-33.1;33.665;91.9;47.479;33.3
2026-08-01T11:49:56.106;2026-08-01T05:49:56.106;25.1;0;6443;10.37;-33.1;33.389;91.9;47.954;33.3
2026-08-01T11:51:56.121;2026-08-01T05:51:56.121;25.1;0;9340;9.98;-33.1;33.110;91.9;48.426;33.3
2026-08-01T11:53:56.121;2026-08-01T05:53:56.121;25.1;0;13226;9.59;-33.1;32.829;91.9;48.895;33.3
2026-08-01T11:55:56.140;2026-08-01T05:55:56.140;25.1;0;18273;9.25;-33.1;32.547;91.9;49.360;33.3
2026-08-01T11:57:56.112;2026-08-01T05:57:56.112;25.1;0;24598;8.91;-33.1;32.262;91.9;49.823;33.3
2026-08-01T11:59:56.115;2026-08-01T05:59:56.115;25.1;0;32287;8.62;-33.2;31.975;91.9;50.282;33.3
2026-08-01T12:01:56.099;2026-08-01T06:01:56.099;25.1;0;41366;8.36;-33.2;31.686;91.8;50.737;33.3
2026-08-01T12:03:56.107;2026-08-01T06:03:56.107;25.1;0;51856;8.11;-33.2;31.395;91.8;51.190;33.3
