# Light Pollution Monitoring Data Format 1.0
# URL: http://www.darksky.org/measurements
# Number of header lines: 37
# This data is released under the following license: ODbL 1.0 http://opendatacommons.org/licenses/odbl/summary/
# Device type: SQM-LE
# Instrument ID: Crestone
# Data supplier: 
# Location name: Crestone Colorado
# Position (lat, lon, elev(m)): 37.9979, -105.69884, 2452
# Local timezone: MST7MDT
# Time Synchronization: 
# Moving / Stationary position: STATIONARY
# Moving / Fixed look direction: FIXED
# Number of channels: 1
# Filters per channel: 
# Measurement direction per channel: 
# Field of view (degrees): 6
# Number of fields per line: 6
# SQM serial number: 6080
# SQM hardware identity: 0080A3F51677
# SQM firmware version: 4-3-79
# SQM cover offset value: 
# SQM readout test ix (Information): i,00000004,00000003,00000079,00006080
# SQM readout test rx (Reading): r, 00.00m,0000568420Hz,0000000000c,0000000.000s, 041.2C,D
# SQM readout test cx (Calibration): c,00000019.89m,0000238.774s, 024.1C,00000008.71m, 026.4C
# SQM readout test Ix (Report Interval): 0000000120s,0000000120s,00000018.00m,00000018.00m
# Comment: 
# Comment: 
# Comment: 
# Comment: 
# Comment: 
# UDM version: 1.0.0.352
# UDM setting: Logged continuously every 2 minutes,Threshold = 8 mpsas, Record limit = 1000.
# blank line
# UTC Date & Time, Local Date & Time, Temperature, Counts, Frequency, MSAS, MoonPhaseDeg, MoonElevDeg, MoonIllum, MoonAzimuth, Humidity
# YYYY-MM-DDTHH:mm:ss.fff;YYYY-MM-DDTHH:mm:ss.fff;Celsius;number;Hz;mag/arcsec^2;Degrees;Degrees;Percent;Degrees;Percent
# END OF HEADER
2026-08-19T01:52:52.093;2026-08-18T19:52:52.093;37.3;0;55659;8.03;101.4;24.762;40.1;30.405;33.3
2026-08-19T01:54:52.103;2026-08-18T19:54:52.103;37.3;0;46129;8.23;101.4;24.563;40.1;30.851;33.3
2026-08-19T01:56:52.097;2026-08-18T19:56:52.097;37.3;0;35736;8.52;101.4;24.361;40.1;31.295;33.3
2026-08-19T01:58:52.107;2026-08-18T19:58:52.107;37.3;0;26466;8.84;101.4;24.157;40.1;31.737;33.3
2026-08-19T02:00:52.112;2026-08-18T20:00:52.112;37.3;0;17713;9.28;101.3;23.950;40.2;32.177;33.3
2026-08-19T02:02:52.112;2026-08-18T20:02:52.112;37.0;0;11947;9.70;101.3;23.740;40.2;32.615;33.3
2026-08-19T02:04:52.114;2026-08-18T20:04:52.114;37.0;0;7459;10.21;101.3;23.529;40.2;33.051;33.3
2026-08-19T02:06:52.106;2026-08-18T20:06:52.106;37.0;0;5399;10.57;101.3;23.314;40.2;33.484;33.3
2026-08-19T02:08:52.154;2026-08-18T20:08:52.154;37.0;0;3916;10.91;101.3;23.098;40.2;33.915;33.3
2026-08-19T02:10:52.128;2026-08-18T20:10:52.128;37.0;0;2382;11.46;101.3;22.879;40.2;34.345;33.3
2026-08-19T02:12:52.118;2026-08-18T20:12:52.118;36.7;0;1532;11.93;101.3;22.658;40.2;34.772;33.3
2026-08-19T02:14:52.094;2026-08-18T20:14:52.094;36.7;0;824;12.60;101.2;22.434;40.3;35.197;33.3
2026-08-19T02:16:52.097;2026-08-18T20:16:52.097;36.7;0;484;13.18;101.2;22.208;40.3;35.620;33.3
2026-08-19T02:18:52.132;2026-08-18T20:18:52.132;36.7;0;326;13.61;101.2;21.980;40.3;36.040;33.3
2026-08-19T02:20:52.110;2026-08-18T20:20:52.110;36.7;0;205;14.11;101.2;21.749;40.3;36.459;33.3
2026-08-19T02:22:52.094;2026-08-18T20:22:52.094;36.7;0;138;14.54;101.2;21.517;40.3;36.875;33.3
2026-08-19T02:24:52.107;2026-08-18T20:24:52.107;36.7;5123;91;15.00;101.2;21.282;40.3;37.290;33.3
2026-08-19T02:26:52.114;2026-08-18T20:26:52.114;36.7;6825;67;15.31;101.1;21.045;40.3;37.702;33.3
2026-08-19T02:28:52.130;2026-08-18T20:28:52.130;36.4;9225;51;15.64;101.1;20.806;40.3;38.112;33.3
2026-08-19T02:30:52.144;2026-08-18T20:30:52.144;36.4;13472;34;16.05;101.1;20.565;40.4;38.520;33.3
2026-08-19T02:32:52.103;2026-08-18T20:32:52.103;36.4;21153;22;16.54;101.1;20.321;40.4;38.926;33.3
2026-08-19T02:34:52.122;2026-08-18T20:34:52.122;36.4;31883;15;16.99;101.1;20.076;40.4;39.330;33.3
2026-08-19T02:36:52.124;2026-08-18T20:36:52.124;36.4;49735;10;17.47;101.1;19.828;40.4;39.732;33.3
2026-08-19T02:38:52.102;2026-08-18T20:38:52.102;36.4;68060;6;17.81;101.1;19.579;40.4;40.131;33.3
2026-08-19T02:40:52.139;2026-08-18T20:40:52.139;36.4;90132;5;18.12;101.0;19.327;40.4;40.529;33.3
2026-08-19T02:42:52.107;2026-08-18T20:42:52.107;36.4;121854;3;18.44;101.0;19.074;40.4;40.925;33.3
2026-08-19T02:44:52.107;2026-08-18T20:44:52.107;36.4;165015;3;18.78;101.0;18.818;40.5;41.318;33.3
2026-08-19T02:46:52.105;2026-08-18T20:46:52.105;36.0;231149;2;19.14;101.0;18.561;40.5;41.710;33.3
2026-08-19T02:48:52.100;2026-08-18T20:48:52.100;36.0;256267;2;19.26;101.0;18.302;40.5;42.099;33.3
2026-08-19T02:50:52.112;2026-08-18T20:50:52.112;36.0;321551;1;19.50;101.0;18.040;40.5;42.486;33.3
2026-08-19T02:52:52.103;2026-08-18T20:52:52.103;36.0;425041;1;19.81;100.9;17.777;40.5;42.872;33.3
2026-08-19T02:54:52.107;2026-08-18T20:54:52.107;36.0;482715;1;19.95;100.9;17.512;40.5;43.255;33.3
2026-08-19T02:56:52.106;2026-08-18T20:56:52.106;36.0;627751;1;20.23;100.9;17.245;40.5;43.637;33.3
2026-08-19T02:58:52.114;2026-08-18T20:58:52.114;36.0;931954;0;20.67;100.9;16.977;40.6;44.016;33.3
2026-08-19T03:00:52.102;2026-08-18T21:00:52.102;35.7;1253466;1;21.00;100.9;16.706;40.6;44.394;33.3
2026-08-19T03:02:52.159;2026-08-18T21:02:52.159;35.7;1516254;1;21.21;100.9;16.434;40.6;44.769;33.3
2026-08-19T03:04:52.103;2026-08-18T21:04:52.103;35.7;1565457;0;21.25;100.8;16.160;40.6;45.143;33.3
2026-08-19T03:06:52.106;2026-08-18T21:06:52.106;35.7;1470967;0;21.18;100.8;15.884;40.6;45.514;33.3
2026-08-19T03:08:52.097;2026-08-18T21:08:52.097;35.7;1577602;0;21.25;100.8;15.607;40.6;45.884;33.3
2026-08-19T03:10:52.105;2026-08-18T21:10:52.105;35.4;1780657;1;21.39;100.8;15.328;40.6;46.252;33.3
2026-08-19T03:12:52.092;2026-08-18T21:12:52.092;35.4;1698186;0;21.34;100.8;15.047;40.6;46.618;33.3
2026-08-19T03:14:52.122;2026-08-18T21:14:52.122;35.4;1455233;0;21.17;100.8;14.765;40.7;46.982;33.3
2026-08-19T03:16:52.106;2026-08-18T21:16:52.106;35.4;1235390;0;20.98;100.8;14.480;40.7;47.344;33.3
2026-08-19T03:18:52.124;2026-08-18T21:18:52.124;35.4;1143197;0;20.89;100.7;14.195;40.7;47.705;33.3
2026-08-19T03:20:52.117;2026-08-18T21:20:52.117;35.4;1240283;0;20.98;100.7;13.908;40.7;48.063;33.3
2026-08-19T03:22:52.102;2026-08-18T21:22:52.102;35.4;1522381;0;21.21;100.7;13.619;40.7;48.420;33.3
2026-08-19T03:24:52.099;2026-08-18T21:24:52.099;35.4;1730621;0;21.36;100.7;13.328;40.7;48.775;33.3
2026-08-19T03:26:52.110;2026-08-18T21:26:52.110;35.4;1677227;1;21.32;100.7;13.036;40.7;49.128;33.3
2026-08-19T03:28:52.121;2026-08-18T21:28:52.121;35.4;1990941;1;21.52;100.7;12.743;40.8;49.480;33.3
2026-08-19T03:30:52.122;2026-08-18T21:30:52.122;35.1;2479619;0;21.76;100.6;12.448;40.8;49.829;33.3
2026-08-19T03:32:52.110;2026-08-18T21:32:52.110;35.1;2624620;1;21.83;100.6;12.151;40.8;50.177;33.3
2026-08-19T03:34:52.123;2026-08-18T21:34:52.123;35.1;2789683;0;21.90;100.6;11.854;40.8;50.523;33.3
2026-08-19T03:36:52.102;2026-08-18T21:36:52.102;35.1;3074381;1;22.01;100.6;11.554;40.8;50.868;33.3
2026-08-19T03:38:52.111;2026-08-18T21:38:52.111;35.1;3206252;0;22.06;100.6;11.253;40.8;51.211;33.3
2026-08-19T03:40:52.096;2026-08-18T21:40:52.096;35.1;3119304;1;22.03;100.6;10.951;40.8;51.552;33.3
2026-08-19T03:42:52.127;2026-08-18T21:42:52.127;35.1;2521413;0;21.78;100.6;10.648;40.8;51.891;33.3
2026-08-19T03:44:52.111;2026-08-18T21:44:52.111;35.1;1964603;0;21.50;100.5;10.343;40.9;52.229;33.3
2026-08-19T03:46:52.099;2026-08-18T21:46:52.099;35.1;2037246;1;21.54;100.5;10.036;40.9;52.565;33.3
2026-08-19T03:48:52.117;2026-08-18T21:48:52.117;35.1;2678148;0;21.85;100.5;9.729;40.9;52.900;33.3
2026-08-19T03:50:52.092;2026-08-18T21:50:52.092;35.1;3061599;0;22.00;100.5;9.420;40.9;53.233;33.3
2026-08-19T03:52:52.095;2026-08-18T21:52:52.095;35.1;2928962;0;21.95;100.5;9.110;40.9;53.564;33.3
2026-08-19T03:54:52.109;2026-08-18T21:54:52.109;35.1;2738033;1;21.88;100.5;8.798;40.9;53.894;33.3
2026-08-19T03:56:52.133;2026-08-18T21:56:52.133;35.1;2583573;0;21.80;100.4;8.485;40.9;54.223;33.3
2026-08-19T03:58:52.114;2026-08-18T21:58:52.114;35.1;2853372;0;21.92;100.4;8.171;41.0;54.549;33.3
2026-08-19T04:00:52.104;2026-08-18T22:00:52.104;34.8;3209209;1;22.06;100.4;7.856;41.0;54.875;33.3
2026-08-19T04:02:52.100;2026-08-18T22:02:52.100;34.8;3329804;0;22.10;100.4;7.539;41.0;55.198;33.3
2026-08-19T04:04:52.099;2026-08-18T22:04:52.099;34.8;3089083;0;22.02;100.4;7.221;41.0;55.521;33.3
2026-08-19T04:06:52.140;2026-08-18T22:06:52.140;34.8;2398227;0;21.73;100.4;6.902;41.0;55.842;33.3
2026-08-19T04:08:52.101;2026-08-18T22:08:52.101;34.8;1990884;1;21.52;100.3;6.582;41.0;56.161;33.3
2026-08-19T04:10:52.111;2026-08-18T22:10:52.111;34.8;2075810;0;21.56;100.3;6.261;41.0;56.479;33.3
2026-08-19T04:12:52.099;2026-08-18T22:12:52.099;34.8;2287099;0;21.67;100.3;5.938;41.0;56.796;33.3
2026-08-19T04:14:52.100;2026-08-18T22:14:52.100;34.8;2499746;0;21.77;100.3;5.615;41.1;57.111;33.3
2026-08-19T04:16:52.116;2026-08-18T22:16:52.116;34.8;2861261;0;21.92;100.3;5.290;41.1;57.425;33.3
2026-08-19T04:18:52.104;2026-08-18T22:18:52.104;34.8;2719515;0;21.87;100.3;4.964;41.1;57.737;33.3
2026-08-19T04:20:52.092;2026-08-18T22:20:52.092;34.8;2596518;0;21.81;100.3;4.637;41.1;58.049;33.3
2026-08-19T04:22:52.104;2026-08-18T22:22:52.104;34.8;2579630;0;21.80;100.2;4.309;41.1;58.359;33.3
2026-08-19T04:24:52.119;2026-08-18T22:24:52.119;34.8;2421750;0;21.73;100.2;3.980;41.1;58.667;33.3
2026-08-19T04:26:52.129;2026-08-18T22:26:52.129;34.8;2357202;0;21.70;100.2;3.650;41.1;58.974;33.3
2026-08-19T04:28:52.143;2026-08-18T22:28:52.143;34.8;2241007;0;21.65;100.2;3.319;41.2;59.280;33.3
2026-08-19T04:30:52.096;2026-08-18T22:30:52.096;34.8;2410390;0;21.73;100.2;2.987;41.2;59.585;33.3
2026-08-19T04:32:52.091;2026-08-18T22:32:52.091;34.8;2557321;0;21.80;100.2;2.654;41.2;59.889;33.3
2026-08-19T04:34:52.124;2026-08-18T22:34:52.124;34.8;2612709;0;21.82;100.1;2.319;41.2;60.191;33.3
2026-08-19T04:36:52.098;2026-08-18T22:36:52.098;34.8;2571907;1;21.80;100.1;1.984;41.2;60.492;33.3
2026-08-19T04:38:52.149;2026-08-18T22:38:52.149;34.8;2622501;0;21.83;100.1;1.648;41.2;60.792;33.3
2026-08-19T04:40:52.106;2026-08-18T22:40:52.106;34.8;2714016;0;21.87;100.1;1.311;41.2;61.091;33.3
2026-08-19T04:42:52.098;2026-08-18T22:42:52.098;34.8;2975740;0;21.97;100.1;0.973;41.2;61.389;33.3
2026-08-19T04:44:52.115;2026-08-18T22:44:52.115;34.8;3212767;0;22.06;100.1;0.634;41.3;61.685;33.3
2026-08-19T04:46:52.108;2026-08-18T22:46:52.108;34.8;3085232;0;22.02;100.1;0.294;41.3;61.981;33.3
2026-08-19T04:48:52.108;2026-08-18T22:48:52.108;34.8;2856948;0;21.92;100.0;-0.047;41.3;62.275;33.3
2026-08-19T04:50:52.113;2026-08-18T22:50:52.113;34.8;2775493;0;21.89;100.0;-0.389;41.3;62.569;33.3
2026-08-19T04:52:52.107;2026-08-18T22:52:52.107;34.8;2749498;0;21.88;100.0;-0.731;41.3;62.861;33.3
2026-08-19T04:54:52.119;2026-08-18T22:54:52.119;34.8;3005544;0;21.99;100.0;-1.075;41.3;63.152;33.3
2026-08-19T04:56:52.095;2026-08-18T22:56:52.095;34.8;2841076;0;21.92;100.0;-1.419;41.3;63.442;33.3
2026-08-19T04:58:52.100;2026-08-18T22:58:52.100;34.8;2315282;0;21.68;100.0;-1.764;41.4;63.732;33.3
2026-08-19T05:00:52.126;2026-08-18T23:00:52.126;34.8;2200849;0;21.63;99.9;-2.110;41.4;64.020;33.3
2026-08-19T05:02:52.098;2026-08-18T23:02:52.098;34.8;2204506;0;21.63;99.9;-2.457;41.4;64.307;33.3
2026-08-19T05:04:52.114;2026-08-18T23:04:52.114;34.8;2218331;1;21.64;99.9;-2.805;41.4;64.594;33.3
2026-08-19T05:06:52.124;2026-08-18T23:06:52.124;34.8;2167622;0;21.61;99.9;-3.153;41.4;64.879;33.3
2026-08-19T05:08:52.121;2026-08-18T23:08:52.121;34.8;2172434;0;21.61;99.9;-3.502;41.4;65.164;33.3
2026-08-19T05:10:52.137;2026-08-18T23:10:52.137;34.8;2207801;0;21.63;99.9;-3.852;41.4;65.447;33.3
2026-08-19T05:12:52.135;2026-08-18T23:12:52.135;34.4;2211281;0;21.63;99.8;-4.203;41.4;65.730;33.3
2026-08-19T05:14:52.092;2026-08-18T23:14:52.092;34.4;2208218;0;21.63;99.8;-4.555;41.5;66.012;33.3
2026-08-19T05:16:52.112;2026-08-18T23:16:52.112;34.4;2167624;1;21.61;99.8;-4.907;41.5;66.293;33.3
2026-08-19T05:18:52.114;2026-08-18T23:18:52.114;34.4;2193393;0;21.62;99.8;-5.260;41.5;66.574;33.3
2026-08-19T05:20:52.127;2026-08-18T23:20:52.127;34.1;2181689;1;21.61;99.8;-5.614;41.5;66.853;33.3
2026-08-19T05:22:52.122;2026-08-18T23:22:52.122;34.1;2169666;0;21.61;99.8;-5.968;41.5;67.132;33.3
2026-08-19T05:24:52.093;2026-08-18T23:24:52.093;34.1;2166721;1;21.61;99.8;-6.323;41.5;67.410;33.3
2026-08-19T05:26:52.097;2026-08-18T23:26:52.097;33.8;2161067;0;21.60;99.7;-6.679;41.5;67.687;33.3
2026-08-19T05:28:52.093;2026-08-18T23:28:52.093;33.8;2169340;0;21.61;99.7;-7.036;41.6;67.963;33.3
2026-08-19T05:30:52.091;2026-08-18T23:30:52.091;33.5;2162881;1;21.61;99.7;-7.393;41.6;68.239;33.3
2026-08-19T05:32:52.109;2026-08-18T23:32:52.109;33.5;2160065;0;21.60;99.7;-7.751;41.6;68.514;33.3
2026-08-19T05:34:52.112;2026-08-18T23:34:52.112;33.5;2148486;0;21.60;99.7;-8.110;41.6;68.789;33.3
2026-08-19T05:36:52.101;2026-08-18T23:36:52.101;33.1;2148221;0;21.60;99.7;-8.469;41.6;69.063;33.3
2026-08-19T05:38:52.103;2026-08-18T23:38:52.103;33.1;2128777;1;21.58;99.6;-8.829;41.6;69.336;33.3
2026-08-19T05:40:52.108;2026-08-18T23:40:52.108;33.1;2126559;1;21.58;99.6;-9.189;41.6;69.608;33.3
2026-08-19T05:42:52.114;2026-08-18T23:42:52.114;32.8;2138769;1;21.59;99.6;-9.550;41.6;69.880;33.3
2026-08-19T05:44:52.107;2026-08-18T23:44:52.107;32.8;2132140;1;21.59;99.6;-9.912;41.7;70.152;33.3
2026-08-19T05:46:52.103;2026-08-18T23:46:52.103;32.8;2132208;1;21.59;99.6;-10.275;41.7;70.422;33.3
2026-08-19T05:48:52.096;2026-08-18T23:48:52.096;32.5;2140762;1;21.59;99.6;-10.637;41.7;70.693;33.3
2026-08-19T05:50:52.092;2026-08-18T23:50:52.092;32.5;2144026;0;21.59;99.6;-11.001;41.7;70.962;33.3
2026-08-19T05:52:52.121;2026-08-18T23:52:52.121;32.5;2181409;0;21.61;99.5;-11.365;41.7;71.232;33.3
2026-08-19T05:54:52.096;2026-08-18T23:54:52.096;32.2;2173537;1;21.61;99.5;-11.730;41.7;71.500;33.3
2026-08-19T05:56:52.093;2026-08-18T23:56:52.093;32.2;2151419;0;21.60;99.5;-12.095;41.7;71.769;33.3
2026-08-19T05:58:52.120;2026-08-18T23:58:52.120;32.2;2184697;0;21.61;99.5;-12.461;41.8;72.037;33.3
2026-08-19T06:00:52.100;2026-08-19T00:00:52.100;32.2;2194233;0;21.61;99.5;-12.827;41.8;72.304;33.3
2026-08-19T06:02:52.136;2026-08-19T00:02:52.136;31.9;2221442;0;21.63;99.5;-13.194;41.8;72.571;33.3
2026-08-19T06:04:52.094;2026-08-19T00:04:52.094;31.9;2215615;0;21.63;99.4;-13.561;41.8;72.838;33.3
2026-08-19T06:06:52.125;2026-08-19T00:06:52.125;31.9;2203718;0;21.62;99.4;-13.929;41.8;73.104;33.3
2026-08-19T06:08:52.113;2026-08-19T00:08:52.113;31.9;2214633;1;21.63;99.4;-14.297;41.8;73.370;33.3
2026-08-19T06:10:52.116;2026-08-19T00:10:52.116;31.9;2200420;0;21.62;99.4;-14.666;41.8;73.635;33.3
2026-08-19T06:12:52.148;2026-08-19T00:12:52.148;31.5;2239817;0;21.65;99.4;-15.036;41.8;73.901;33.3
2026-08-19T06:14:52.112;2026-08-19T00:14:52.112;31.5;2240836;0;21.65;99.4;-15.405;41.9;74.166;33.3
2026-08-19T06:16:52.106;2026-08-19T00:16:52.106;31.5;2257463;0;21.65;99.3;-15.776;41.9;74.430;33.3
2026-08-19T06:18:52.117;2026-08-19T00:18:52.117;31.5;2241171;1;21.65;99.3;-16.146;41.9;74.695;33.3
2026-08-19T06:20:52.097;2026-08-19T00:20:52.097;31.5;2312402;0;21.68;99.3;-16.518;41.9;74.959;33.3
2026-08-19T06:22:52.098;2026-08-19T00:22:52.098;31.2;2436445;0;21.74;99.3;-16.889;41.9;75.223;33.3
2026-08-19T06:24:52.130;2026-08-19T00:24:52.130;31.2;2375408;1;21.71;99.3;-17.261;41.9;75.487;33.3
2026-08-19T06:26:52.098;2026-08-19T00:26:52.098;31.2;2400546;0;21.72;99.3;-17.634;41.9;75.751;33.3
2026-08-19T06:28:52.114;2026-08-19T00:28:52.114;31.2;2430301;0;21.74;99.3;-18.007;42.0;76.014;33.3
2026-08-19T06:30:52.111;2026-08-19T00:30:52.111;31.2;2545397;0;21.79;99.2;-18.380;42.0;76.278;33.3
2026-08-19T06:32:52.123;2026-08-19T00:32:52.123;31.2;2701293;0;21.85;99.2;-18.754;42.0;76.541;33.3
2026-08-19T06:34:52.118;2026-08-19T00:34:52.118;31.2;2806757;0;21.90;99.2;-19.128;42.0;76.804;33.3
2026-08-19T06:36:52.113;2026-08-19T00:36:52.113;30.9;2982767;0;21.98;99.2;-19.503;42.0;77.067;33.3
2026-08-19T06:38:52.113;2026-08-19T00:38:52.113;30.9;2894593;1;21.94;99.2;-19.878;42.0;77.331;33.3
2026-08-19T06:40:52.100;2026-08-19T00:40:52.100;30.9;2792371;0;21.90;99.2;-20.253;42.0;77.594;33.3
2026-08-19T06:42:52.095;2026-08-19T00:42:52.095;30.9;2996406;0;21.98;99.1;-20.629;42.1;77.857;33.3
2026-08-19T06:44:52.126;2026-08-19T00:44:52.126;30.9;3226620;0;22.06;99.1;-21.005;42.1;78.120;33.3
2026-08-19T06:46:52.104;2026-08-19T00:46:52.104;30.9;3555592;0;22.18;99.1;-21.381;42.1;78.383;33.3
2026-08-19T06:48:52.103;2026-08-19T00:48:52.103;30.9;3249314;0;22.07;99.1;-21.758;42.1;78.647;33.3
2026-08-19T06:50:52.114;2026-08-19T00:50:52.114;30.9;2705592;0;21.87;99.1;-22.135;42.1;78.910;33.3
2026-08-19T06:52:52.126;2026-08-19T00:52:52.126;31.2;2698584;0;21.85;99.1;-22.512;42.1;79.173;33.3
2026-08-19T06:54:52.155;2026-08-19T00:54:52.155;31.2;2864504;0;21.92;99.1;-22.890;42.1;79.437;33.3
2026-08-19T06:56:52.105;2026-08-19T00:56:52.105;31.2;3043949;0;21.99;99.0;-23.268;42.1;79.701;33.3
2026-08-19T06:58:52.109;2026-08-19T00:58:52.109;31.2;3001358;0;21.98;99.0;-23.647;42.2;79.965;33.3
2026-08-19T07:00:52.120;2026-08-19T01:00:52.120;31.2;2761466;0;21.89;99.0;-24.025;42.2;80.229;33.3
2026-08-19T07:02:52.099;2026-08-19T01:02:52.099;31.2;2752675;0;21.89;99.0;-24.404;42.2;80.494;33.3
2026-08-19T07:04:52.107;2026-08-19T01:04:52.107;31.5;2964714;0;21.96;99.0;-24.783;42.2;80.758;33.3
2026-08-19T07:06:52.112;2026-08-19T01:06:52.112;31.5;2731822;0;21.87;99.0;-25.163;42.2;81.023;33.3
2026-08-19T07:08:52.110;2026-08-19T01:08:52.110;31.5;2678487;0;21.84;98.9;-25.543;42.2;81.289;33.3
2026-08-19T07:10:52.099;2026-08-19T01:10:52.099;31.5;2667091;0;21.84;98.9;-25.923;42.2;81.554;33.3
2026-08-19T07:12:52.115;2026-08-19T01:12:52.115;31.5;2550480;0;21.79;98.9;-26.303;42.3;81.820;33.3
2026-08-19T07:14:52.103;2026-08-19T01:14:52.103;31.5;2543157;0;21.79;98.9;-26.684;42.3;82.087;33.3
2026-08-19T07:16:52.128;2026-08-19T01:16:52.128;31.5;2531722;0;21.78;98.9;-27.064;42.3;82.354;33.3
2026-08-19T07:18:52.120;2026-08-19T01:18:52.120;31.5;2496789;1;21.77;98.9;-27.445;42.3;82.621;33.3
2026-08-19T07:20:52.115;2026-08-19T01:20:52.115;31.5;2526417;0;21.78;98.9;-27.827;42.3;82.889;33.3
2026-08-19T07:22:52.108;2026-08-19T01:22:52.108;31.5;2540424;1;21.79;98.8;-28.208;42.3;83.157;33.3
2026-08-19T07:24:52.106;2026-08-19T01:24:52.106;31.5;2572700;0;21.80;98.8;-28.590;42.3;83.426;33.3
2026-08-19T07:26:52.130;2026-08-19T01:26:52.130;31.2;2505162;0;21.77;98.8;-28.972;42.3;83.696;33.3
2026-08-19T07:28:52.113;2026-08-19T01:28:52.113;31.2;2484130;0;21.76;98.8;-29.354;42.4;83.966;33.3
2026-08-19T07:30:52.097;2026-08-19T01:30:52.097;31.2;2518506;1;21.78;98.8;-29.736;42.4;84.237;33.3
2026-08-19T07:32:52.108;2026-08-19T01:32:52.108;31.2;2474612;0;21.76;98.8;-30.118;42.4;84.508;33.3
2026-08-19T07:34:52.121;2026-08-19T01:34:52.121;31.2;2542148;0;21.79;98.7;-30.501;42.4;84.780;33.3
2026-08-19T07:36:52.128;2026-08-19T01:36:52.128;31.2;2576595;0;21.80;98.7;-30.884;42.4;85.053;33.3
2026-08-19T07:38:52.106;2026-08-19T01:38:52.106;31.2;2552263;0;21.79;98.7;-31.266;42.4;85.326;33.3
2026-08-19T07:40:52.100;2026-08-19T01:40:52.100;30.9;2509443;0;21.78;98.7;-31.649;42.4;85.601;33.3
2026-08-19T07:42:52.096;2026-08-19T01:42:52.096;30.9;2565510;0;21.80;98.7;-32.033;42.5;85.876;33.3
2026-08-19T07:44:52.122;2026-08-19T01:44:52.122;30.9;2516376;0;21.78;98.7;-32.416;42.5;86.152;33.3
2026-08-19T07:46:52.107;2026-08-19T01:46:52.107;30.9;2562398;0;21.80;98.6;-32.799;42.5;86.429;33.3
2026-08-19T07:48:52.096;2026-08-19T01:48:52.096;30.9;2574873;0;21.80;98.6;-33.183;42.5;86.707;33.3
2026-08-19T07:50:52.107;2026-08-19T01:50:52.107;30.9;2569228;0;21.80;98.6;-33.566;42.5;86.986;33.3
2026-08-19T07:52:52.105;2026-08-19T01:52:52.105;30.6;2552827;0;21.79;98.6;-33.950;42.5;87.266;33.3
2026-08-19T07:54:52.109;2026-08-19T01:54:52.109;30.6;2599758;1;21.81;98.6;-34.334;42.5;87.547;33.3
2026-08-19T07:56:52.107;2026-08-19T01:56:52.107;30.6;2623205;1;21.83;98.6;-34.718;42.5;87.829;33.3
2026-08-19T07:58:52.113;2026-08-19T01:58:52.113;30.6;2623488;0;21.83;98.6;-35.102;42.6;88.112;33.3
2026-08-19T08:00:52.091;2026-08-19T02:00:52.091;30.6;2633491;0;21.83;98.5;-35.486;42.6;88.396;33.3
2026-08-19T08:02:52.114;2026-08-19T02:02:52.114;30.6;2664904;0;21.84;98.5;-35.870;42.6;88.682;33.3
2026-08-19T08:04:52.106;2026-08-19T02:04:52.106;30.2;2672594;1;21.85;98.5;-36.254;42.6;88.969;33.3
2026-08-19T08:06:52.093;2026-08-19T02:06:52.093;30.2;2633412;1;21.83;98.5;-36.638;42.6;89.257;33.3
2026-08-19T08:08:52.149;2026-08-19T02:08:52.149;30.2;2689976;0;21.86;98.5;-37.022;42.6;89.546;33.3
2026-08-19T08:10:52.113;2026-08-19T02:10:52.113;30.2;2707074;0;21.87;98.5;-37.406;42.6;89.837;33.3
2026-08-19T08:12:52.092;2026-08-19T02:12:52.092;30.2;2706130;1;21.87;98.4;-37.791;42.7;90.130;33.3
2026-08-19T08:14:52.129;2026-08-19T02:14:52.129;30.2;2696855;0;21.86;98.4;-38.175;42.7;90.423;33.3
2026-08-19T08:16:52.095;2026-08-19T02:16:52.095;29.9;2694532;0;21.86;98.4;-38.559;42.7;90.719;33.3
2026-08-19T08:18:52.141;2026-08-19T02:18:52.141;29.9;2679135;0;21.85;98.4;-38.943;42.7;91.016;33.3
2026-08-19T08:20:52.102;2026-08-19T02:20:52.102;29.9;2702431;0;21.86;98.4;-39.327;42.7;91.314;33.3
2026-08-19T08:22:52.101;2026-08-19T02:22:52.101;29.9;2717603;0;21.87;98.4;-39.711;42.7;91.615;33.3
2026-08-19T08:24:52.099;2026-08-19T02:24:52.099;29.9;2710183;0;21.87;98.4;-40.095;42.7;91.917;33.3
2026-08-19T08:26:52.133;2026-08-19T02:26:52.133;29.6;2674410;0;21.84;98.3;-40.479;42.7;92.221;33.3
2026-08-19T08:28:52.100;2026-08-19T02:28:52.100;29.6;2616798;0;21.81;98.3;-40.863;42.8;92.527;33.3
2026-08-19T08:30:52.124;2026-08-19T02:30:52.124;29.6;2657561;0;21.84;98.3;-41.247;42.8;92.834;33.3
2026-08-19T08:32:52.120;2026-08-19T02:32:52.120;29.6;2610169;0;21.81;98.3;-41.630;42.8;93.144;33.3
2026-08-19T08:34:52.104;2026-08-19T02:34:52.104;29.6;2587014;0;21.80;98.3;-42.014;42.8;93.456;33.3
2026-08-19T08:36:52.103;2026-08-19T02:36:52.103;29.3;2649456;0;21.83;98.3;-42.397;42.8;93.770;33.3
2026-08-19T08:38:52.108;2026-08-19T02:38:52.108;29.3;2738457;0;21.87;98.2;-42.780;42.8;94.086;33.3
2026-08-19T08:40:52.128;2026-08-19T02:40:52.128;29.3;3026136;0;21.98;98.2;-43.163;42.8;94.404;33.3
2026-08-19T08:42:52.100;2026-08-19T02:42:52.100;29.3;3151364;0;22.04;98.2;-43.546;42.9;94.725;33.3
2026-08-19T08:44:52.137;2026-08-19T02:44:52.137;29.3;2765659;0;21.88;98.2;-43.929;42.9;95.048;33.3
2026-08-19T08:46:52.091;2026-08-19T02:46:52.091;29.3;2732913;0;21.87;98.2;-44.312;42.9;95.373;33.3
2026-08-19T08:48:52.108;2026-08-19T02:48:52.108;29.3;2720089;0;21.87;98.2;-44.694;42.9;95.701;33.3
2026-08-19T08:50:52.152;2026-08-19T02:50:52.152;29.3;2687621;0;21.85;98.2;-45.076;42.9;96.032;33.3
2026-08-19T08:52:52.120;2026-08-19T02:52:52.120;29.3;2642040;0;21.83;98.1;-45.458;42.9;96.365;33.3
2026-08-19T08:54:52.093;2026-08-19T02:54:52.093;29.3;2632047;0;21.83;98.1;-45.840;42.9;96.701;33.3
2026-08-19T08:56:52.109;2026-08-19T02:56:52.109;29.0;2701819;0;21.85;98.1;-46.221;43.0;97.041;33.3
2026-08-19T08:58:52.117;2026-08-19T02:58:52.117;29.0;2693015;0;21.85;98.1;-46.603;43.0;97.383;33.3
2026-08-19T09:00:52.092;2026-08-19T03:00:52.092;29.0;2706436;0;21.86;98.1;-46.983;43.0;97.728;33.3
2026-08-19T09:02:52.107;2026-08-19T03:02:52.107;29.0;2765918;0;21.88;98.1;-47.364;43.0;98.076;33.3
2026-08-19T09:04:52.129;2026-08-19T03:04:52.129;29.0;2746520;0;21.87;98.0;-47.744;43.0;98.427;33.3
2026-08-19T09:06:52.114;2026-08-19T03:06:52.114;29.0;2661849;0;21.84;98.0;-48.124;43.0;98.782;33.3
2026-08-19T09:08:52.104;2026-08-19T03:08:52.104;29.0;2625998;0;21.83;98.0;-48.504;43.0;99.140;33.3
2026-08-19T09:10:52.105;2026-08-19T03:10:52.105;28.6;2767409;0;21.88;98.0;-48.883;43.0;99.502;33.3
2026-08-19T09:12:52.141;2026-08-19T03:12:52.141;28.6;2786620;0;21.89;98.0;-49.262;43.1;99.867;33.3
2026-08-19T09:14:52.113;2026-08-19T03:14:52.113;28.6;2788229;0;21.89;98.0;-49.640;43.1;100.237;33.3
2026-08-19T09:16:52.105;2026-08-19T03:16:52.105;28.6;2792892;0;21.89;98.0;-50.018;43.1;100.610;33.3
2026-08-19T09:18:52.118;2026-08-19T03:18:52.118;28.6;2773249;0;21.89;97.9;-50.395;43.1;100.987;33.3
2026-08-19T09:20:52.108;2026-08-19T03:20:52.108;28.6;2745918;0;21.87;97.9;-50.772;43.1;101.368;33.3
2026-08-19T09:22:52.150;2026-08-19T03:22:52.150;28.6;2772653;0;21.89;97.9;-51.149;43.1;101.753;33.3
2026-08-19T09:24:52.117;2026-08-19T03:24:52.117;28.3;2736712;0;21.87;97.9;-51.525;43.1;102.143;33.3
2026-08-19T09:26:52.096;2026-08-19T03:26:52.096;28.3;2728874;1;21.87;97.9;-51.900;43.2;102.538;33.3
2026-08-19T09:28:52.109;2026-08-19T03:28:52.109;28.3;2713430;0;21.86;97.9;-52.275;43.2;102.937;33.3
2026-08-19T09:30:52.107;2026-08-19T03:30:52.107;28.3;2729659;0;21.87;97.8;-52.649;43.2;103.341;33.3
2026-08-19T09:32:52.099;2026-08-19T03:32:52.099;28.3;2734092;1;21.87;97.8;-53.023;43.2;103.749;33.3
2026-08-19T09:34:52.100;2026-08-19T03:34:52.100;28.3;2719673;0;21.86;97.8;-53.396;43.2;104.163;33.3
2026-08-19T09:36:52.099;2026-08-19T03:36:52.099;28.3;2647889;0;21.83;97.8;-53.769;43.2;104.583;33.3
2026-08-19T09:38:52.107;2026-08-19T03:38:52.107;28.3;2691676;0;21.85;97.8;-54.140;43.2;105.007;33.3
2026-08-19T09:40:52.102;2026-08-19T03:40:52.102;28.3;2690204;0;21.85;97.8;-54.511;43.2;105.438;33.3
2026-08-19T09:42:52.095;2026-08-19T03:42:52.095;28.3;2694047;0;21.85;97.7;-54.881;43.3;105.874;33.3
2026-08-19T09:44:52.107;2026-08-19T03:44:52.107;28.0;2690240;0;21.85;97.7;-55.251;43.3;106.316;33.3
2026-08-19T09:46:52.107;2026-08-19T03:46:52.107;28.0;2669326;0;21.84;97.7;-55.619;43.3;106.764;33.3
2026-08-19T09:48:52.117;2026-08-19T03:48:52.117;28.0;2742328;0;21.87;97.7;-55.987;43.3;107.219;33.3
2026-08-19T09:50:52.115;2026-08-19T03:50:52.115;28.0;2768890;0;21.88;97.7;-56.354;43.3;107.680;33.3
2026-08-19T09:52:52.106;2026-08-19T03:52:52.106;28.0;2743523;1;21.87;97.7;-56.720;43.3;108.148;33.3
2026-08-19T09:54:52.109;2026-08-19T03:54:52.109;28.0;2788934;0;21.89;97.7;-57.085;43.3;108.623;33.3
2026-08-19T09:56:52.111;2026-08-19T03:56:52.111;28.0;2720676;1;21.87;97.6;-57.449;43.4;109.105;33.3
2026-08-19T09:58:52.105;2026-08-19T03:58:52.105;28.0;2659721;1;21.84;97.6;-57.811;43.4;109.595;33.3
2026-08-19T10:00:52.100;2026-08-19T04:00:52.100;28.0;2774633;0;21.89;97.6;-58.173;43.4;110.092;33.3
2026-08-19T10:02:52.100;2026-08-19T04:02:52.100;28.0;2732573;0;21.87;97.6;-58.534;43.4;110.598;33.3
2026-08-19T10:04:52.141;2026-08-19T04:04:52.141;28.0;2772688;0;21.89;97.6;-58.893;43.4;111.111;33.3
2026-08-19T10:06:52.100;2026-08-19T04:06:52.100;28.0;2756134;0;21.88;97.6;-59.252;43.4;111.633;33.3
2026-08-19T10:08:52.102;2026-08-19T04:08:52.102;28.0;2739025;0;21.87;97.5;-59.609;43.4;112.164;33.3
2026-08-19T10:10:52.097;2026-08-19T04:10:52.097;28.0;2735856;1;21.87;97.5;-59.964;43.4;112.704;33.3
2026-08-19T10:12:52.100;2026-08-19T04:12:52.100;27.7;2721428;0;21.87;97.5;-60.319;43.5;113.254;33.3
2026-08-19T10:14:52.138;2026-08-19T04:14:52.138;27.7;2720630;0;21.87;97.5;-60.671;43.5;113.813;33.3
2026-08-19T10:16:52.115;2026-08-19T04:16:52.115;27.7;2693003;0;21.85;97.5;-61.023;43.5;114.382;33.3
2026-08-19T10:18:52.119;2026-08-19T04:18:52.119;27.7;2680356;0;21.84;97.5;-61.373;43.5;114.961;33.3
2026-08-19T10:20:52.113;2026-08-19T04:20:52.113;27.7;2647408;0;21.83;97.5;-61.721;43.5;115.551;33.3
2026-08-19T10:22:52.113;2026-08-19T04:22:52.113;27.7;2645445;0;21.83;97.4;-62.067;43.5;116.152;33.3
2026-08-19T10:24:52.126;2026-08-19T04:24:52.126;27.7;2671549;0;21.84;97.4;-62.412;43.5;116.765;33.3
2026-08-19T10:26:52.111;2026-08-19T04:26:52.111;27.7;2659759;0;21.84;97.4;-62.755;43.6;117.389;33.3
2026-08-19T10:28:52.090;2026-08-19T04:28:52.090;27.7;2645258;1;21.83;97.4;-63.096;43.6;118.026;33.3
2026-08-19T10:30:52.088;2026-08-19T04:30:52.088;27.7;2633946;0;21.83;97.4;-63.435;43.6;118.675;33.3
2026-08-19T10:32:52.118;2026-08-19T04:32:52.118;27.7;2620530;0;21.82;97.4;-63.772;43.6;119.337;33.3
2026-08-19T10:34:52.117;2026-08-19T04:34:52.117;27.7;2637727;0;21.83;97.3;-64.106;43.6;120.013;33.3
2026-08-19T10:36:52.136;2026-08-19T04:36:52.136;27.7;2631831;1;21.83;97.3;-64.439;43.6;120.702;33.3
2026-08-19T10:38:52.100;2026-08-19T04:38:52.100;27.7;2622564;0;21.83;97.3;-64.769;43.6;121.406;33.3
2026-08-19T10:40:52.111;2026-08-19T04:40:52.111;27.7;2572793;0;21.80;97.3;-65.097;43.6;122.124;33.3
2026-08-19T10:42:52.099;2026-08-19T04:42:52.099;27.7;2580295;0;21.80;97.3;-65.422;43.7;122.858;33.3
2026-08-19T10:44:52.102;2026-08-19T04:44:52.102;27.7;2593508;0;21.81;97.3;-65.745;43.7;123.608;33.3
2026-08-19T10:46:52.146;2026-08-19T04:46:52.146;27.7;2551490;0;21.79;97.3;-66.064;43.7;124.374;33.3
2026-08-19T10:48:52.096;2026-08-19T04:48:52.096;27.7;2566568;0;21.80;97.2;-66.381;43.7;125.157;33.3
2026-08-19T10:50:52.105;2026-08-19T04:50:52.105;27.3;2509855;0;21.78;97.2;-66.695;43.7;125.957;33.3
2026-08-19T10:52:52.115;2026-08-19T04:52:52.115;27.3;2502620;1;21.77;97.2;-67.006;43.7;126.775;33.3
2026-08-19T10:54:52.110;2026-08-19T04:54:52.110;27.3;2475292;0;21.76;97.2;-67.313;43.7;127.612;33.3
2026-08-19T10:56:52.108;2026-08-19T04:56:52.108;27.3;2379019;0;21.71;97.2;-67.618;43.8;128.467;33.3
2026-08-19T10:58:52.116;2026-08-19T04:58:52.116;27.3;2325683;0;21.68;97.2;-67.918;43.8;129.342;33.3
2026-08-19T11:00:52.104;2026-08-19T05:00:52.104;27.3;2273618;0;21.66;97.1;-68.215;43.8;130.238;33.3
2026-08-19T11:02:52.091;2026-08-19T05:02:52.091;27.3;2184688;0;21.61;97.1;-68.508;43.8;131.154;33.3
2026-08-19T11:04:52.108;2026-08-19T05:04:52.108;27.0;2051168;0;21.55;97.1;-68.797;43.8;132.091;33.3
2026-08-19T11:06:52.103;2026-08-19T05:06:52.103;27.0;1875017;0;21.44;97.1;-69.082;43.8;133.050;33.3
2026-08-19T11:08:52.132;2026-08-19T05:08:52.132;27.0;1718759;0;21.35;97.1;-69.362;43.8;134.032;33.3
2026-08-19T11:10:52.103;2026-08-19T05:10:52.103;27.0;1518599;0;21.21;97.1;-69.638;43.8;135.037;33.3
2026-08-19T11:12:52.116;2026-08-19T05:12:52.116;27.0;1312165;1;21.05;97.1;-69.909;43.9;136.065;33.3
2026-08-19T11:14:52.099;2026-08-19T05:14:52.099;27.0;1100613;0;20.85;97.0;-70.175;43.9;137.117;33.3
2026-08-19T11:16:52.094;2026-08-19T05:16:52.094;26.7;903132;0;20.64;97.0;-70.436;43.9;138.194;33.3
2026-08-19T11:18:52.142;2026-08-19T05:18:52.142;26.7;735202;1;20.41;97.0;-70.692;43.9;139.296;33.3
2026-08-19T11:20:52.120;2026-08-19T05:20:52.120;26.7;574871;0;20.13;97.0;-70.942;43.9;140.424;33.3
2026-08-19T11:22:52.113;2026-08-19T05:22:52.113;26.7;446210;1;19.86;97.0;-71.186;43.9;141.577;33.3
2026-08-19T11:24:52.140;2026-08-19T05:24:52.140;26.7;342491;1;19.57;97.0;-71.424;43.9;142.757;33.3
2026-08-19T11:26:52.117;2026-08-19T05:26:52.117;26.7;260068;2;19.27;96.9;-71.656;44.0;143.964;33.3
2026-08-19T11:28:52.100;2026-08-19T05:28:52.100;26.7;195772;2;18.96;96.9;-71.881;44.0;145.198;33.3
2026-08-19T11:30:52.103;2026-08-19T05:30:52.103;26.4;145847;3;18.64;96.9;-72.100;44.0;146.459;33.3
2026-08-19T11:32:52.121;2026-08-19T05:32:52.121;26.4;107517;4;18.31;96.9;-72.312;44.0;147.747;33.3
2026-08-19T11:34:52.105;2026-08-19T05:34:52.105;26.4;78755;5;17.96;96.9;-72.516;44.0;149.062;33.3
2026-08-19T11:36:52.094;2026-08-19T05:36:52.094;26.4;57497;8;17.63;96.9;-72.713;44.0;150.405;33.3
2026-08-19T11:38:52.120;2026-08-19T05:38:52.120;26.4;40654;11;17.25;96.8;-72.901;44.0;151.775;33.3
2026-08-19T11:40:52.106;2026-08-19T05:40:52.106;26.4;28776;16;16.88;96.8;-73.082;44.1;153.172;33.3
2026-08-19T11:42:52.109;2026-08-19T05:42:52.109;26.4;19916;23;16.47;96.8;-73.255;44.1;154.595;33.3
2026-08-19T11:44:52.121;2026-08-19T05:44:52.121;26.4;12788;35;15.99;96.8;-73.419;44.1;156.045;33.3
2026-08-19T11:46:52.114;2026-08-19T05:46:52.114;26.1;8075;56;15.50;96.8;-73.574;44.1;157.520;33.3
2026-08-19T11:48:52.096;2026-08-19T05:48:52.096;26.1;5117;91;15.00;96.8;-73.720;44.1;159.020;33.3
2026-08-19T11:50:52.094;2026-08-19T05:50:52.094;26.1;0;148;14.47;96.8;-73.856;44.1;160.543;33.3
2026-08-19T11:52:52.098;2026-08-19T05:52:52.098;26.1;0;241;13.94;96.7;-73.983;44.1;162.090;33.3
2026-08-19T11:54:52.114;2026-08-19T05:54:52.114;26.1;0;387;13.43;96.7;-74.100;44.1;163.657;33.3
2026-08-19T11:56:52.097;2026-08-19T05:56:52.097;26.1;0;614;12.93;96.7;-74.207;44.2;165.246;33.3
2026-08-19T11:58:52.098;2026-08-19T05:58:52.098;26.1;0;961;12.44;96.7;-74.304;44.2;166.853;33.3
2026-08-19T12:00:52.141;2026-08-19T06:00:52.141;26.1;0;1485;11.97;96.7;-74.390;44.2;168.477;33.3
2026-08-19T12:02:52.113;2026-08-19T06:02:52.113;26.1;0;2272;11.50;96.7;-74.466;44.2;170.117;33.3
2026-08-19T12:04:52.096;2026-08-19T06:04:52.096;25.7;0;3435;11.06;96.6;-74.531;44.2;171.770;33.3
2026-08-19T12:06:52.106;2026-08-19T06:06:52.106;25.7;0;5145;10.62;96.6;-74.585;44.2;173.435;33.3
2026-08-19T12:08:52.095;2026-08-19T06:08:52.095;25.7;0;7580;10.20;96.6;-74.628;44.2;175.110;33.3
2026-08-19T12:10:52.140;2026-08-19T06:10:52.140;25.7;0;10954;9.80;96.6;-74.660;44.3;176.792;33.3
2026-08-19T12:12:52.094;2026-08-19T06:12:52.094;25.7;0;15486;9.42;96.6;-74.681;44.3;178.479;33.3
2026-08-19T12:14:52.095;2026-08-19T06:14:52.095;25.7;0;21186;9.08;96.6;-74.690;44.3;-179.830;33.3
2026-08-19T12:16:52.110;2026-08-19T06:16:52.110;25.7;0;27833;8.78;96.6;-74.688;44.3;-178.139;33.3
2026-08-19T12:18:52.096;2026-08-19T06:18:52.096;25.7;0;36714;8.48;96.5;-74.675;44.3;-176.450;33.3
2026-08-19T12:20:52.096;2026-08-19T06:20:52.096;25.7;0;45905;8.24;96.5;-74.651;44.3;-174.764;33.3
2026-08-19T12:22:52.087;2026-08-19T06:22:52.087;25.7;0;56685;8.01;96.5;-74.615;44.3;-173.085;33.3
